Units:(mV)
         CH1
     1040.00
     1000.00
     1040.00
     1040.00
     1000.00
     1040.00
     1040.00
     1040.00
     1000.00
     1040.00
     1000.00
     1040.00
     1040.00
     1000.00
     1000.00
     1000.00
     1000.00
     1040.00
     1000.00
     1000.00
     1000.00
     1040.00
     1000.00
     1040.00
     1000.00
     1040.00
     1040.00
     1040.00
     1040.00
     1040.00
     1040.00
     1040.00
     1000.00
     1040.00
     1040.00
     1040.00
     1040.00
     1040.00
     1040.00
     1040.00
     1040.00
     1040.00
     1040.00
     1040.00
     1040.00
     1040.00
     1040.00
     1040.00
     1040.00
     1040.00
     1040.00
     1000.00
     1040.00
     1040.00
     1040.00
     1040.00
     1040.00
     1040.00
     8160.00
     3560.00
     3520.00
     3520.00
     3560.00
     3520.00
     3560.00
     3520.00
     3520.00
     3520.00
     3520.00
     3560.00
     3520.00
     3520.00
     3520.00
     3560.00
     3560.00
     3560.00
     3520.00
     3560.00
     3560.00
     3520.00
     3520.00
     3520.00
     3520.00
     3520.00
     3520.00
     3560.00
     3520.00
     3520.00
     3560.00
     3520.00
     3520.00
     3560.00
     3560.00
     3560.00
     3520.00
     3560.00
     3520.00
     3520.00
     3520.00
     3520.00
     3520.00
     3520.00
     3560.00
     3520.00
     3560.00
     3520.00
     3520.00
     3560.00
     3520.00
     3520.00
     3520.00
     3560.00
     3560.00
     3520.00
     3520.00
     3520.00
     3520.00
     3520.00
     8160.00
     3560.00
     3560.00
     3520.00
     3560.00
     3520.00
     3520.00
     3560.00
     3520.00
     3520.00
     3560.00
     3560.00
     3520.00
     3520.00
     3520.00
     1000.00
     1000.00
     1040.00
     1040.00
     1040.00
     8160.00
     3560.00
     3560.00
     3560.00
     3520.00
     3560.00
     3520.00
     3520.00
     3560.00
     3560.00
     3520.00
     8160.00
     1040.00
     1040.00
     1040.00
     1040.00
     1040.00
     1040.00
     1000.00
     1040.00
        0.00
     3520.00
     3560.00
     3520.00
     3520.00
     3520.00
     3520.00
     3520.00
     3520.00
     3440.00
     1000.00
     1000.00
     1040.00
     1000.00
     1040.00
     1000.00
     1040.00
     1040.00
     1000.00
     1040.00
     1000.00
     3560.00
     3560.00
     3520.00
     3520.00
     3560.00
     3560.00
     3520.00
     1400.00
     1000.00
     1040.00
     1040.00
     1000.00
     1040.00
     1040.00
     1040.00
     1000.00
     1000.00
     1040.00
     1000.00
     1000.00
     3520.00
     3520.00
     3520.00
     3560.00
     3560.00
     3520.00
     1480.00
     1040.00
     1000.00
     1040.00
     1040.00
     1000.00
     1000.00
     1040.00
     1040.00
     1000.00
     1000.00
     1000.00
     1040.00
     1040.00
     3560.00
     3560.00
     3520.00
     3520.00
     3520.00
     3520.00
     1040.00
     1040.00
     1040.00
     1040.00
     1040.00
     1040.00
     1040.00
     1000.00
     1000.00
     1000.00
     1040.00
     1000.00
     1040.00
     1000.00
     3520.00
     3520.00
     3520.00
     3520.00
     3520.00
     3520.00
     1000.00
     1040.00
     1000.00
     1040.00
     1000.00
     1000.00
     1000.00
     1000.00
     1040.00
     1040.00
     1000.00
     1000.00
     1000.00
     1000.00
     3520.00
     3560.00
     3520.00
     3520.00
     3520.00
     3560.00
     1040.00
     1040.00
     1040.00
     1000.00
     1040.00
     1040.00
     1000.00
     1000.00
     1000.00
     1000.00
     1000.00
     1000.00
     1000.00
     1040.00
     3520.00
     3560.00
     3520.00
     3520.00
     3520.00
     3520.00
     1000.00
     1040.00
     1000.00
     1000.00
     1040.00
     1000.00
     1000.00
     1040.00
     1000.00
     1040.00
     1000.00
     1000.00
     1000.00
     1040.00
     3520.00
     3560.00
     3520.00
     3520.00
     3520.00
     3520.00
     1040.00
     1000.00
     1000.00
     1000.00
     1040.00
     1000.00
     1040.00
     1000.00
     1040.00
     1040.00
     1040.00
     1000.00
     1000.00
     1000.00
     3520.00
     3520.00
     3520.00
     3560.00
     3520.00
     3560.00
     1040.00
     1040.00
     1040.00
     1040.00
     1000.00
     1040.00
     1000.00
     1040.00
     1040.00
     1040.00
     1000.00
     1000.00
     1040.00
     1040.00
     3560.00
     3560.00
     3520.00
     3520.00
     3520.00
     3520.00
     1040.00
     1040.00
     1040.00
     1000.00
     1040.00
     1000.00
     1040.00
     1040.00
     1000.00
     1000.00
     1040.00
     1040.00
     1000.00
     1000.00
     3560.00
     3520.00
     3520.00
     3520.00
     3560.00
     3520.00
     1040.00
     1040.00
     1040.00
     1000.00
     1040.00
     1000.00
     1040.00
     1040.00
     1040.00
     1040.00
     1040.00
     1040.00
     1040.00
     1040.00
     3560.00
     3560.00
     3560.00
     3520.00
     3520.00
     3520.00
     1240.00
     1000.00
     1040.00
     1000.00
     1000.00
     1040.00
     1000.00
     1000.00
     1000.00
     1000.00
     1000.00
     1000.00
     1000.00
     1000.00
     3520.00
     3560.00
     3520.00
     3520.00
     3520.00
     3520.00
     3240.00
     1040.00
     1000.00
     1000.00
     1000.00
     1000.00
     1040.00
     1000.00
     1000.00
     1040.00
     1040.00
     1040.00
     1040.00
     1040.00
     3520.00
     3560.00
     3560.00
     3520.00
     3520.00
     3560.00
     3680.00
     1040.00
     1040.00
     1040.00
     1040.00
     1040.00
     1040.00
     1000.00
     1040.00
     1040.00
     1040.00
     1040.00
     1040.00
     1040.00
     3560.00
     3560.00
     3520.00
     3520.00
     3520.00
     3520.00
     3520.00
     1040.00
     1040.00
     1040.00
     1040.00
     1040.00
     1040.00
     1040.00
     1040.00
     1040.00
     1040.00
     1040.00
     1040.00
     1040.00
     3560.00
     3560.00
     3560.00
     3560.00
     3520.00
     3520.00
     3560.00
     1040.00
     1040.00
     1040.00
     1000.00
     1000.00
     1040.00
     1040.00
     1000.00
     1040.00
     1040.00
     1000.00
     1000.00
     1000.00
     3560.00
     3520.00
     3520.00
     3520.00
     3520.00
     3520.00
     3520.00
     1040.00
     1040.00
     1000.00
     1040.00
     1000.00
     1000.00
     1040.00
     1040.00
     1040.00
     1000.00
     1040.00
     1040.00
     1040.00
     3560.00
     3520.00
     3560.00
     3520.00
     3560.00
     3520.00
     3560.00
     1080.00
     1040.00
     1040.00
     1040.00
     1000.00
     1000.00
     1040.00
     1040.00
     1000.00
     1040.00
     1040.00
     1040.00
     1040.00
     3560.00
     3560.00
     3520.00
     3520.00
     3520.00
     3520.00
     3520.00
     1720.00
     1040.00
     1040.00
     1000.00
     1000.00
     1000.00
     1000.00
     1000.00
     1000.00
     1000.00
     1000.00
     1040.00
     1040.00
     3560.00
     3520.00
     3480.00
     3520.00
     3520.00
     3560.00
     3520.00
     1840.00
     1040.00
     1000.00
     1000.00
     1040.00
     1000.00
     1040.00
     1040.00
     1000.00
     1000.00
     1040.00
     1040.00
     1000.00
     3560.00
     3560.00
     3520.00
     3520.00
     3520.00
     3520.00
     3520.00
     8160.00
     1040.00
     1040.00
     1040.00
     1040.00
     1040.00
     1040.00
     1000.00
     1000.00
     1000.00
     1000.00
     1000.00
     1000.00
     3560.00
     3520.00
     3520.00
     3520.00
     3520.00
     3520.00
     3520.00
     3520.00
     1040.00
     1040.00
     1000.00
     1000.00
     1000.00
     1040.00
     1040.00
     1040.00
     1040.00
     1040.00
     1040.00
     1000.00
     3560.00
     3560.00
     3560.00
     3520.00
     3520.00
     3520.00
     3520.00
     3560.00
     1040.00
     1000.00
     1040.00
     1040.00
     1000.00
     1040.00
     1040.00
     1040.00
     1040.00
     1000.00
     1000.00
     1040.00
     3560.00
     3560.00
     3560.00
     3520.00
     3520.00
     3520.00
     3520.00
     3520.00
     1040.00
     1000.00
     1040.00
     1040.00
     1000.00
     1000.00
     1000.00
     1000.00
     1040.00
     1000.00
     1040.00
     1040.00
     3600.00
     3520.00
     3560.00
     3520.00
     3520.00
     3520.00
     3560.00
     3520.00
     1040.00
     1040.00
     1000.00
     1000.00
     1000.00
     1000.00
     1000.00
     1040.00
     1040.00
     1000.00
     1000.00
     1000.00
     3560.00
     3560.00
     3520.00
     3520.00
     3520.00
     3520.00
     3560.00
     3560.00
     3200.00
     1000.00
     1040.00
     1000.00
     1040.00
     1040.00
     1040.00
     1040.00
     1000.00
     1040.00
     1040.00
     1040.00
     3600.00
     3560.00
     3520.00
     3520.00
     3560.00
     3520.00
     3520.00
     3520.00
     3600.00
     1000.00
     1040.00
     1040.00
     1040.00
     1040.00
     1040.00
     1040.00
     1040.00
     1040.00
     1040.00
     1040.00
     3560.00
     3560.00
     3560.00
     3560.00
     3560.00
     3560.00
     3560.00
     3560.00
     4120.00
     1040.00
     1040.00
     1040.00
     1040.00
     1040.00
     1040.00
     1040.00
     1000.00
     1000.00
     1040.00
     1040.00
     3600.00
     3560.00
     3520.00
     3560.00
     3520.00
     3520.00
     3520.00
     3560.00
     3520.00
     1040.00
     1000.00
     1040.00
     1000.00
     1000.00
     1040.00
     1040.00
     1000.00
     1040.00
     1000.00
     1000.00
     3600.00
     3560.00
     3520.00
     3520.00
     3520.00
     3560.00
     3520.00
     3520.00
     3560.00
     1080.00
     1040.00
     1000.00
     1000.00
     1000.00
     1040.00
     1000.00
     1000.00
     1040.00
     1000.00
     1040.00
     3640.00
     3560.00
     3520.00
     3520.00
     3560.00
     3520.00
     3520.00
     3520.00
     3520.00
     1120.00
     1040.00
     1040.00
     1040.00
     1040.00
     1000.00
     1040.00
     1040.00
     1000.00
     1040.00
     1000.00
     3600.00
     3560.00
     3520.00
     3520.00
     3520.00
     3520.00
     3520.00
     3520.00
     3520.00
     1680.00
     1000.00
     1040.00
     1000.00
     1000.00
     1040.00
     1000.00
     1000.00
     1000.00
     1000.00
     1000.00
     3600.00
     3560.00
     3520.00
     3560.00
     3520.00
     3520.00
     3560.00
     3560.00
     3520.00
     8160.00
     1040.00
     1000.00
     1000.00
     1000.00
     1000.00
     1000.00
     1040.00
     1040.00
     1000.00
     1040.00
     3640.00
     3520.00
     3520.00
     3520.00
     3520.00
     3520.00
     3560.00
     3520.00
     3520.00
     8160.00
     1040.00
     1040.00
     1040.00
     1040.00
     1040.00
     1040.00
     1040.00
     1040.00
     1040.00
     1040.00
     3640.00
     3560.00
     3520.00
     3560.00
     3560.00
     3520.00
     3560.00
     3520.00
     3560.00
     3520.00
     1040.00
     1040.00
     1040.00
     1040.00
     1040.00
     1040.00
     1040.00
     1040.00
     1000.00
     1040.00
     3680.00
     3560.00
     3520.00
     3520.00
     3520.00
     3520.00
     3520.00
     3520.00
     3520.00
     3520.00
     1040.00
     1000.00
     1040.00
     1040.00
     1040.00
     1040.00
     1040.00
     1040.00
     1040.00
     1040.00
     3680.00
     3560.00
     3520.00
     3520.00
     3520.00
     3560.00
     3520.00
     3520.00
     3520.00
     3560.00
     1240.00
     1000.00
     1040.00
     1040.00
     1000.00
     1040.00
     1040.00
     1040.00
     1040.00
     1040.00
     3720.00
     3560.00
     3560.00
     3560.00
     3520.00
     3520.00
     3520.00
     3520.00
     3520.00
     3520.00
     1280.00
     1040.00
     1000.00
     1000.00
     1040.00
     1000.00
     1040.00
     1040.00
     1040.00
     1040.00
     3720.00
     3560.00
     3520.00
     3520.00
     3560.00
     3520.00
     3520.00
     3520.00
     3520.00
     3520.00
     3160.00
     1000.00
     1040.00
     1040.00
     1000.00
     1000.00
     1000.00
     1000.00
     1000.00
     1000.00
     3800.00
     3520.00
     3520.00
     3520.00
     3560.00
     3520.00
     3520.00
