Units:(mV)
         CH1
        0.00
        0.00
        0.00
        0.00
        0.00
        0.00
        0.00
        0.00
        0.00
        0.00
        0.00
        0.00
        0.00
        0.00
        0.00
        0.00
       40.00
        0.00
        0.00
        0.00
        0.00
        0.00
        0.00
        0.00
       40.00
       40.00
       40.00
       40.00
       80.00
       40.00
       80.00
       80.00
       40.00
       40.00
       40.00
        0.00
        0.00
        0.00
        0.00
        0.00
        0.00
       40.00
        0.00
        0.00
        0.00
        0.00
        0.00
        0.00
        0.00
       40.00
        0.00
        0.00
       40.00
        0.00
        0.00
        0.00
        0.00
        0.00
        0.00
        0.00
       40.00
       40.00
        0.00
        0.00
        0.00
        0.00
        0.00
        0.00
        0.00
        0.00
      320.00
     1480.00
     2760.00
     3720.00
     4320.00
     4480.00
     4200.00
     3880.00
     3640.00
     3480.00
     3160.00
     2680.00
     2240.00
     1960.00
     1800.00
     1680.00
     1520.00
     1400.00
     1360.00
     1280.00
     1240.00
     1240.00
     1200.00
     1200.00
     1200.00
     1200.00
     1160.00
     1160.00
     1160.00
     1200.00
     1160.00
     1120.00
     1120.00
     1120.00
     1120.00
     1160.00
     1160.00
     1200.00
     1200.00
     1200.00
     1200.00
     1200.00
     1200.00
     1200.00
     1240.00
     1200.00
     1240.00
     1240.00
     1200.00
     1200.00
     1240.00
     1240.00
     1240.00
     1280.00
     1280.00
     1240.00
     1240.00
     1240.00
     1240.00
     1240.00
     1240.00
     1240.00
     1240.00
     1240.00
     1240.00
     1240.00
     1280.00
     1280.00
     1320.00
     1320.00
     1320.00
     1320.00
     1360.00
     1360.00
     1320.00
     1320.00
     1360.00
     1320.00
     1360.00
     1320.00
     1360.00
     1320.00
     1320.00
     1320.00
     1320.00
     1320.00
     1320.00
     1360.00
     1320.00
     1360.00
     1360.00
     1360.00
     1400.00
     1400.00
     1440.00
     1400.00
     1440.00
     1400.00
     1400.00
     1400.00
     1400.00
     1400.00
     1440.00
     1400.00
     1440.00
     1440.00
     1440.00
     1440.00
     1440.00
     1440.00
     1440.00
     1440.00
     1440.00
     1440.00
     1440.00
     1440.00
     1480.00
     1480.00
     1480.00
     1480.00
     1480.00
     1480.00
     1480.00
     1440.00
     1480.00
     1480.00
     1480.00
     1480.00
     1480.00
     1520.00
     1480.00
     1520.00
     1520.00
     1520.00
     1520.00
     1520.00
     1520.00
     1520.00
     1560.00
     1560.00
     1560.00
     1600.00
     1560.00
     1560.00
     1600.00
     1560.00
     1560.00
     1560.00
     1560.00
     1560.00
     1560.00
     1560.00
     1560.00
     1600.00
     1560.00
     1600.00
     1640.00
     1600.00
     1640.00
     1640.00
     1640.00
     1640.00
     1600.00
     1640.00
     1640.00
     1640.00
     1640.00
     1640.00
     1640.00
     1640.00
     1680.00
     1680.00
     1680.00
     1680.00
     1680.00
     1680.00
     1680.00
     1680.00
     1680.00
     1680.00
     1680.00
     1680.00
     1680.00
     1680.00
     1680.00
     1680.00
     1680.00
     1720.00
     1720.00
     1720.00
     1760.00
     1760.00
     1720.00
     1720.00
     1720.00
     1720.00
     1720.00
     1760.00
     1760.00
     1760.00
     1760.00
     1760.00
     1760.00
     1760.00
     1760.00
     1720.00
     1720.00
     1720.00
     1760.00
     1760.00
     1760.00
     1760.00
     1760.00
     1800.00
     1800.00
     1800.00
     1800.00
     1840.00
     1840.00
     1840.00
     1840.00
     1840.00
     1880.00
     1840.00
     1880.00
     1840.00
     1880.00
     1880.00
     1840.00
     1840.00
     1840.00
     1840.00
     1840.00
     1880.00
     1880.00
     1880.00
     1880.00
     1880.00
     1880.00
     1880.00
     1880.00
     1880.00
     1880.00
     1920.00
     1920.00
     1920.00
     1920.00
     1920.00
     1920.00
     1920.00
     1880.00
     1920.00
     1920.00
     1960.00
     1960.00
     1960.00
     1960.00
     1960.00
     1960.00
     1960.00
     2000.00
     2000.00
     2000.00
     1960.00
     2000.00
     1960.00
     2000.00
     2000.00
     2000.00
     2040.00
     2000.00
     2000.00
     2040.00
     2000.00
     2000.00
     2040.00
     2000.00
     2040.00
     2040.00
     2040.00
     2040.00
     2040.00
     2040.00
     2040.00
     2040.00
     2040.00
     2040.00
     2040.00
     2080.00
     2040.00
     2080.00
     2080.00
     2080.00
     2080.00
     2080.00
     2080.00
     2080.00
     2120.00
     2080.00
     2120.00
     2080.00
     2120.00
     2200.00
     2120.00
     2120.00
     2120.00
     2120.00
     2120.00
     2120.00
     2120.00
     2160.00
     2160.00
     2120.00
     2160.00
     2160.00
     2160.00
     2160.00
     2160.00
     2160.00
     2160.00
     2160.00
     2200.00
     2160.00
     2200.00
     2200.00
     2200.00
     2200.00
     2200.00
     2240.00
     2320.00
     2200.00
     2240.00
     2200.00
     2200.00
     2240.00
     2240.00
     2240.00
     2240.00
     2240.00
     2240.00
     2240.00
     2240.00
     2240.00
     2240.00
     2280.00
     2280.00
     2280.00
     2320.00
     2280.00
     2280.00
     2280.00
     2280.00
     2280.00
     2320.00
     2280.00
     2320.00
     2320.00
     2320.00
     2320.00
     2320.00
     2320.00
     2360.00
     2320.00
     2360.00
     2320.00
     2360.00
     2320.00
     2320.00
     2360.00
     2360.00
     2360.00
     2360.00
     2360.00
     2360.00
     2360.00
     2360.00
     2400.00
     2360.00
     2360.00
     2360.00
     2360.00
     2400.00
     2400.00
     2400.00
     2360.00
     2360.00
     2400.00
     2360.00
     2360.00
     2400.00
     2400.00
     2400.00
     2480.00
     2400.00
     2440.00
     2360.00
     2400.00
     2400.00
     2440.00
     2440.00
     2440.00
     2480.00
     2480.00
     2440.00
     2440.00
     2440.00
     2440.00
     2440.00
     2440.00
     2480.00
     2480.00
     2480.00
     2520.00
     2520.00
     2560.00
     2560.00
     2560.00
     2560.00
     2520.00
     2480.00
     2520.00
     2480.00
     2480.00
     2520.00
     2520.00
     2520.00
     2560.00
     2560.00
     2520.00
     2560.00
     2560.00
     2560.00
     2560.00
     2520.00
     2560.00
     2560.00
     2400.00
     2520.00
     2560.00
     2560.00
     2600.00
     2560.00
     2600.00
     2600.00
     2640.00
     2640.00
     2640.00
     2640.00
     2640.00
     2680.00
     2680.00
     2680.00
     2640.00
     2640.00
     2640.00
     2680.00
     2640.00
     2640.00
     2640.00
     2480.00
     2640.00
     2640.00
     2640.00
     2640.00
     2680.00
     2640.00
     2680.00
     2680.00
     2720.00
     2680.00
     2720.00
     2720.00
     2720.00
     2720.00
     2680.00
     2560.00
     2680.00
     2680.00
     2680.00
     2720.00
     2720.00
     2720.00
     2720.00
     2760.00
     2760.00
     2760.00
     2760.00
     2800.00
     2760.00
     2760.00
     2760.00
     2800.00
     2760.00
     2760.00
     2760.00
     2760.00
     2760.00
     2800.00
     2800.00
     2800.00
     2800.00
     2800.00
     2800.00
     2800.00
     2840.00
     2800.00
     2800.00
     2840.00
     2840.00
     2840.00
     2840.00
     2840.00
     2840.00
     2840.00
     2880.00
     2840.00
     2880.00
     2880.00
     2880.00
     2880.00
     2880.00
     2880.00
     2880.00
     2880.00
     2880.00
     2920.00
     2880.00
