Units:(mV)
         CH1
     1000.00
     1040.00
     1040.00
     1000.00
     1000.00
     1000.00
     1040.00
     1040.00
     1040.00
     1000.00
     1040.00
     1000.00
     1040.00
     1000.00
     1000.00
     1040.00
     1040.00
     1040.00
     1040.00
     1040.00
     1000.00
     1000.00
     1000.00
     1040.00
     1040.00
     1040.00
     1000.00
     1040.00
     1000.00
     1000.00
     1040.00
     1000.00
     1040.00
     1040.00
     1040.00
     1040.00
     1040.00
     1000.00
     1000.00
     1040.00
     1040.00
     1040.00
     1040.00
     1040.00
     1040.00
     1040.00
     1040.00
     1040.00
     1040.00
     1040.00
     1000.00
     1000.00
     1040.00
     1000.00
     1040.00
     3560.00
     3560.00
     3520.00
     3520.00
     2120.00
     1040.00
     1040.00
     1040.00
     1000.00
     1000.00
     1000.00
     1000.00
     1040.00
     1000.00
     1040.00
     1040.00
     1040.00
     1040.00
     1040.00
     1000.00
     3560.00
     3520.00
     3520.00
     3520.00
     8160.00
     1000.00
     1000.00
     1000.00
     1040.00
     1040.00
     1040.00
     1000.00
     1000.00
     1040.00
     1040.00
     1000.00
     1040.00
     1040.00
     1000.00
     1000.00
     3560.00
     3560.00
     3560.00
     3560.00
     3520.00
     1080.00
     1040.00
     1000.00
     1000.00
     1000.00
     1040.00
     1040.00
     1040.00
     1000.00
     1000.00
     1000.00
     1040.00
     1040.00
     1040.00
     1040.00
     3560.00
     3560.00
     3520.00
     3520.00
     3520.00
     2800.00
     1040.00
     1040.00
     1040.00
     1000.00
     1000.00
     1040.00
     1040.00
     1040.00
     1040.00
     1040.00
     1040.00
     1040.00
     1040.00
     1040.00
     3600.00
     3560.00
     3560.00
     3520.00
     3520.00
     3520.00
     1040.00
     1040.00
     1040.00
     1000.00
     1040.00
     1000.00
     1000.00
     1040.00
     1000.00
     1040.00
     1040.00
     1000.00
     1040.00
     1000.00
     3560.00
     3560.00
     3520.00
     3520.00
     3520.00
     3520.00
     3560.00
     1040.00
     1000.00
     1000.00
     1040.00
     1000.00
     1040.00
     1040.00
     1040.00
     1000.00
     1040.00
     1040.00
     1040.00
     1000.00
     3600.00
     3520.00
     3520.00
     3520.00
     3520.00
     3520.00
     3520.00
     1040.00
     1040.00
     1040.00
     1040.00
     1000.00
     1040.00
     1040.00
     1040.00
     1040.00
     1000.00
     1000.00
     1040.00
     1000.00
     3600.00
     3520.00
     3560.00
     3520.00
     3520.00
     3520.00
     3520.00
     1400.00
     1040.00
     1040.00
     1000.00
     1040.00
     1040.00
     1040.00
     1040.00
     1040.00
     1000.00
     1040.00
     1040.00
     1000.00
     3600.00
     3520.00
     3520.00
     3520.00
     3520.00
     3520.00
     3560.00
     3520.00
     1040.00
     1040.00
     1040.00
     1000.00
     1040.00
     1040.00
     1040.00
     1000.00
     1040.00
     1000.00
     1040.00
     1040.00
     3600.00
     3520.00
     3520.00
     3520.00
     3520.00
     3520.00
     3520.00
     3520.00
     1080.00
     1040.00
     1040.00
     1000.00
     1000.00
     1000.00
     1040.00
     1040.00
     1040.00
     1040.00
     1040.00
     1040.00
     3600.00
     3560.00
     3520.00
     3520.00
     3520.00
     3520.00
     3520.00
     3520.00
     3520.00
     1000.00
     1000.00
     1040.00
     1040.00
     1040.00
     1040.00
     1040.00
     1000.00
     1040.00
     1040.00
     1040.00
     3600.00
     3560.00
     3520.00
     3520.00
     3520.00
     3520.00
     3520.00
     3520.00
     3520.00
     1120.00
     1040.00
     1000.00
     1040.00
     1000.00
     1040.00
     1040.00
     1040.00
     1040.00
     1040.00
     1000.00
     3640.00
     3520.00
     3520.00
     3560.00
     3520.00
     3520.00
     3520.00
     3520.00
     3520.00
     8160.00
     1000.00
     1040.00
     1040.00
     1040.00
     1040.00
     1000.00
     1040.00
     1000.00
     1000.00
     1040.00
     3640.00
     3560.00
     3520.00
     3560.00
     3520.00
     3520.00
     3480.00
     3520.00
     3520.00
     3520.00
     1040.00
     1000.00
     1040.00
     1000.00
     1040.00
     1040.00
     1040.00
     1040.00
     1040.00
     1000.00
     3680.00
     3560.00
     3520.00
     3520.00
     3520.00
     3560.00
     3520.00
     3520.00
     3520.00
     3520.00
     1160.00
     1040.00
     1000.00
     1040.00
     1040.00
     1000.00
     1040.00
     1040.00
     1040.00
     1040.00
     3680.00
     3520.00
     3520.00
     3520.00
     3520.00
     3520.00
     3520.00
     3520.00
     3560.00
     3560.00
     8160.00
     1000.00
     1040.00
     1000.00
     1040.00
     1040.00
     1040.00
     1000.00
     1040.00
     1040.00
     3720.00
     3560.00
     3520.00
     3560.00
     3520.00
     3520.00
     3520.00
     3520.00
     3520.00
     3520.00
     3560.00
     1240.00
     1040.00
     1000.00
     1040.00
     1000.00
     1040.00
     1000.00
     1040.00
     1040.00
     3760.00
     3560.00
     3520.00
     3520.00
     3560.00
     3520.00
     3560.00
     3520.00
     3520.00
     3520.00
     3520.00
     8160.00
     1000.00
     1040.00
     1040.00
     1040.00
     1000.00
     1000.00
     1000.00
     1000.00
     3800.00
     3560.00
     3520.00
     3520.00
     3520.00
     3520.00
     3560.00
     3520.00
     3560.00
     3560.00
     3520.00
     3560.00
     1040.00
     1040.00
     1000.00
     1040.00
     1040.00
     1040.00
     1040.00
     1040.00
     3840.00
     3560.00
     3520.00
     3520.00
     3520.00
     3520.00
     3520.00
     3520.00
     3520.00
     3560.00
     3520.00
     3480.00
     4040.00
     1040.00
     1040.00
     1040.00
     1040.00
     1040.00
     1040.00
     1040.00
     3880.00
     3560.00
     3560.00
     3560.00
     3520.00
     3520.00
     3520.00
     3520.00
     3560.00
     3520.00
     3520.00
     3520.00
     3520.00
     1040.00
     1040.00
     1000.00
     1040.00
     1040.00
     1000.00
     1040.00
     3960.00
     3560.00
     3520.00
     3520.00
     3560.00
     3520.00
     3520.00
     3520.00
     3520.00
     3560.00
     3560.00
     3520.00
     3560.00
     1520.00
     1000.00
     1040.00
     1040.00
     1040.00
     1000.00
     1040.00
     4240.00
     3520.00
     3560.00
     3520.00
     3520.00
     3520.00
     3520.00
     3520.00
     3520.00
     3560.00
     3520.00
     3520.00
     3520.00
     3560.00
     1000.00
     1040.00
     1000.00
     1040.00
     1000.00
     1040.00
     4120.00
     3560.00
     3560.00
     3560.00
     3480.00
     3520.00
     3520.00
     3560.00
     3560.00
     3520.00
     3520.00
     3520.00
     3520.00
     3520.00
     1680.00
     1000.00
     1000.00
     1040.00
     1000.00
     1040.00
     4200.00
     3560.00
     3520.00
     3520.00
     3520.00
     3520.00
     3520.00
     3520.00
     3520.00
     3520.00
     3520.00
     3560.00
     3520.00
     3560.00
     3520.00
     1000.00
     1000.00
     1000.00
     1040.00
     1040.00
     4320.00
     3520.00
     3520.00
     3520.00
     3520.00
     3520.00
     3560.00
     3520.00
     3520.00
     3520.00
     3520.00
     3520.00
     3520.00
     3520.00
     3520.00
     1120.00
     1000.00
     1040.00
     1040.00
     1040.00
     4480.00
     3560.00
     3520.00
     3520.00
     3520.00
     3520.00
     3520.00
     3520.00
     3520.00
     3520.00
     3560.00
     3560.00
     3560.00
     3520.00
     3520.00
     8160.00
     1040.00
     1000.00
     1000.00
     1040.00
     4640.00
     3560.00
     3520.00
     3520.00
     3520.00
     3520.00
     3520.00
     3520.00
     3520.00
     3560.00
     3520.00
     3520.00
     3520.00
     3520.00
     3520.00
     3520.00
     1040.00
     1040.00
     1040.00
     1040.00
     4800.00
     3520.00
     3520.00
     3520.00
     3520.00
     3520.00
     3520.00
     3560.00
     3520.00
     3560.00
     3520.00
     3520.00
     3520.00
     3520.00
     3520.00
     3520.00
     2560.00
     1040.00
     1040.00
     1040.00
     5040.00
     3560.00
     3520.00
     3560.00
     3560.00
     3520.00
     3520.00
     3520.00
     3520.00
     3520.00
     3520.00
     3520.00
     3560.00
     3560.00
     3520.00
     3520.00
     3520.00
     1000.00
     1040.00
     1040.00
     5280.00
     3560.00
     3520.00
     3520.00
     3520.00
     3520.00
     3560.00
     3520.00
     3520.00
     3560.00
     3560.00
     3520.00
     3520.00
     3520.00
     3520.00
     3520.00
     3520.00
     1280.00
     1040.00
     1000.00
     5600.00
     3560.00
     3520.00
     3520.00
     3520.00
     3520.00
     3520.00
     3520.00
     3520.00
     3520.00
     3520.00
     3520.00
     3520.00
     3560.00
     3520.00
     3520.00
     3520.00
       80.00
     1040.00
     1040.00
     6000.00
     3560.00
     3520.00
     3520.00
     3520.00
     3520.00
     3520.00
     3560.00
     3520.00
     3520.00
     3520.00
     3520.00
     3520.00
     3520.00
     3520.00
     3560.00
     3520.00
     3560.00
     1080.00
     1000.00
     6440.00
     3560.00
     3520.00
     3520.00
     3520.00
     3520.00
     3520.00
     3520.00
     3520.00
     3520.00
     3520.00
     3520.00
     3520.00
     3560.00
     3520.00
     3520.00
     3520.00
     3520.00
     4640.00
     1040.00
     6920.00
     3560.00
     3520.00
     3520.00
     3520.00
     3480.00
     3520.00
     3560.00
     3520.00
     3560.00
     3520.00
     3560.00
     3520.00
     3520.00
     3520.00
     3520.00
     3520.00
     3560.00
     3520.00
     1040.00
     7520.00
     3560.00
     3520.00
     3560.00
     3520.00
     3560.00
     3520.00
     3520.00
     3520.00
     3560.00
     3520.00
     3560.00
     3520.00
     3520.00
     3520.00
     3520.00
     3560.00
     3520.00
     3560.00
     6120.00
     8160.00
     3560.00
     3560.00
     3560.00
     3520.00
     3520.00
     3560.00
     3520.00
     3520.00
     3560.00
     3520.00
     3520.00
     3520.00
     3520.00
     3520.00
     3520.00
     3560.00
     3520.00
     3560.00
     3520.00
     8160.00
     3560.00
     3520.00
     3520.00
     3520.00
     3520.00
     3520.00
     3520.00
     3520.00
     3520.00
     3520.00
     3520.00
     3520.00
     3520.00
     3560.00
     3520.00
     3520.00
     3520.00
     3520.00
     3520.00
     6120.00
     3520.00
     3520.00
     3520.00
     3560.00
     3520.00
     3520.00
     3520.00
     3520.00
     3520.00
     3520.00
     3520.00
     3520.00
     3520.00
     3520.00
     3520.00
     3560.00
     3520.00
     3520.00
     3520.00
     3520.00
     3520.00
     3520.00
     3520.00
     3520.00
     3520.00
     3520.00
     3520.00
     3560.00
     3520.00
     3520.00
     3520.00
     3520.00
     3560.00
     3520.00
     3520.00
     3520.00
     3520.00
     3520.00
     3520.00
     3520.00
     3520.00
     3520.00
     3520.00
     3520.00
     3520.00
     3520.00
     3560.00
     3520.00
     3520.00
     3520.00
     3520.00
     3520.00
     3520.00
     3520.00
     3520.00
     3520.00
     3560.00
     3520.00
     3520.00
     3520.00
