Units:(mV)
         CH1
     1040.00
     1040.00
     1040.00
     1040.00
     1040.00
     1040.00
     1000.00
     1040.00
     1000.00
     1000.00
     1040.00
     1040.00
     1040.00
     1040.00
     1040.00
     1000.00
     1040.00
     1040.00
     1000.00
     1000.00
     1000.00
     1040.00
     1040.00
     1040.00
     1040.00
     1040.00
     1040.00
     1040.00
     1040.00
     1000.00
     1000.00
     1000.00
     1040.00
     1000.00
     1000.00
     1000.00
     1040.00
     1040.00
     1000.00
     1040.00
     1040.00
     1040.00
     1040.00
     1000.00
     1040.00
     1000.00
     1040.00
     1040.00
     1040.00
     1040.00
     1040.00
     1040.00
     1040.00
     1000.00
     1040.00
     1000.00
     1040.00
     1040.00
     1040.00
     1040.00
     1040.00
     1040.00
     8160.00
     3560.00
     3520.00
     3520.00
     3520.00
     3520.00
     3520.00
     3520.00
     3520.00
     3520.00
     3520.00
     3520.00
     3520.00
     3560.00
     2480.00
     1040.00
     1040.00
     1080.00
     1040.00
     1040.00
     8160.00
     3560.00
     3520.00
     3520.00
     3520.00
     8160.00
     1000.00
     1040.00
     1000.00
     1040.00
     1000.00
     1040.00
     1040.00
     1040.00
     1040.00
     1040.00
     1040.00
     1000.00
     1040.00
     1000.00
     8160.00
     3520.00
     3520.00
     3560.00
     3520.00
     2280.00
     1040.00
     1040.00
     1040.00
     1000.00
     1040.00
     1040.00
     1040.00
     1040.00
     1040.00
     1000.00
     1040.00
     1000.00
     1000.00
     1040.00
     8160.00
     3560.00
     3520.00
     3520.00
     3520.00
     8160.00
     1040.00
     1040.00
     1040.00
     1040.00
     1040.00
     1040.00
     1040.00
     1040.00
     1040.00
     1040.00
     1040.00
     1040.00
     1040.00
     1000.00
     8160.00
     3560.00
     3560.00
     3520.00
     3520.00
     8160.00
     1000.00
     1040.00
     1040.00
     1040.00
     1080.00
     1040.00
     1040.00
     1040.00
     1000.00
     1040.00
     1040.00
     1040.00
     1040.00
     1040.00
     8160.00
     3560.00
     3520.00
     3520.00
     3520.00
     3520.00
     1040.00
     1000.00
     1000.00
     1000.00
     1000.00
     1000.00
     1000.00
     1000.00
     1000.00
     1000.00
     1000.00
     1000.00
     1000.00
     1040.00
     8160.00
     3560.00
     3520.00
     3520.00
     3520.00
     3520.00
     1320.00
     1040.00
     1000.00
     1000.00
     1040.00
     1040.00
     1040.00
     1000.00
     1000.00
     1000.00
     1040.00
     1040.00
     1000.00
     1040.00
      240.00
     3520.00
     3520.00
     3520.00
     3520.00
     3520.00
     4000.00
     1040.00
     1040.00
     1040.00
     1000.00
     1040.00
     1040.00
     1000.00
     1040.00
     1040.00
     1000.00
     1040.00
     1000.00
     1000.00
     1040.00
     3560.00
     3520.00
     3520.00
     3520.00
     3520.00
     3520.00
     1000.00
     1000.00
     1000.00
     1000.00
     1040.00
     1040.00
     1040.00
     1040.00
     1000.00
     1000.00
     1000.00
     1040.00
     1040.00
     1040.00
     3560.00
     3560.00
     3520.00
     3560.00
     3520.00
     3560.00
     1040.00
     1040.00
     1040.00
     1040.00
     1040.00
     1040.00
     1040.00
     1040.00
     1040.00
     1040.00
     1040.00
     1040.00
     1000.00
     1000.00
     3520.00
     3520.00
     3520.00
     3520.00
     3520.00
     3520.00
     1080.00
     1000.00
     1040.00
     1000.00
     1000.00
     1000.00
     1000.00
     1000.00
     1000.00
     1040.00
     1040.00
     1040.00
     1040.00
     1040.00
     3560.00
     3560.00
     3520.00
     3520.00
     3520.00
     3560.00
     1640.00
     1040.00
     1040.00
     1000.00
     1040.00
     1040.00
     1000.00
     1040.00
     1000.00
     1000.00
     1000.00
     1000.00
     1000.00
     1040.00
     3520.00
     3560.00
     3520.00
     3520.00
     3560.00
     3560.00
     8040.00
     1040.00
     1040.00
     1000.00
     1000.00
     1000.00
     1000.00
     1040.00
     1040.00
     1000.00
     1040.00
     1000.00
     1040.00
     1040.00
     3560.00
     3560.00
     3520.00
     3520.00
     3520.00
     3520.00
     3520.00
     1040.00
     1000.00
     1040.00
     1040.00
     1040.00
     1000.00
     1000.00
     1040.00
     1040.00
     1000.00
     1000.00
     1040.00
     1040.00
     3560.00
     3520.00
     3520.00
     3520.00
     3520.00
     3520.00
     3520.00
     1040.00
     1040.00
     1000.00
     1000.00
     1000.00
     1000.00
     1040.00
     1040.00
     1000.00
     1040.00
     1040.00
     1040.00
     1040.00
     3560.00
     3560.00
     3560.00
     3560.00
     3520.00
     3520.00
     3520.00
     1200.00
     1040.00
     1040.00
     1040.00
     1000.00
     1040.00
     1040.00
     1000.00
     1040.00
     1040.00
     1040.00
     1040.00
     1000.00
     3560.00
     3560.00
     3520.00
     3560.00
     3560.00
     3520.00
     3560.00
     2480.00
     1040.00
     1040.00
     1000.00
     1000.00
     1000.00
     1040.00
     1000.00
     1000.00
     1000.00
     1040.00
     1000.00
     1000.00
     3520.00
     3520.00
     3520.00
     3520.00
     3520.00
     3520.00
     3520.00
     8160.00
     1040.00
     1000.00
     1000.00
     1000.00
     1000.00
     1000.00
     1000.00
     1000.00
     1000.00
     1000.00
     1040.00
     1040.00
     3560.00
     3560.00
     3560.00
     3520.00
     3560.00
     3520.00
     3520.00
     8160.00
     1000.00
     1040.00
     1000.00
     1040.00
     1040.00
     1000.00
     1040.00
     1000.00
     1040.00
     1040.00
     1040.00
     1000.00
     3520.00
     3520.00
     3560.00
     3520.00
     3520.00
     3560.00
     3520.00
     3520.00
     1320.00
     1000.00
     1040.00
     1040.00
     1040.00
     1000.00
     1040.00
     1040.00
     1040.00
     1000.00
     1040.00
     1040.00
     3560.00
     3560.00
     3520.00
     3520.00
     3520.00
     3560.00
     3560.00
     3520.00
     1360.00
     1040.00
     1000.00
     1000.00
     1000.00
     1000.00
     1040.00
     1040.00
     1040.00
     1040.00
     1040.00
     1040.00
     3560.00
     3560.00
     3560.00
     3560.00
     3520.00
     3520.00
     3520.00
     3520.00
     4520.00
     1040.00
     1040.00
     1040.00
     1040.00
     1040.00
     1040.00
     1040.00
     1040.00
     1000.00
     1040.00
     1000.00
     3560.00
     3520.00
     3560.00
     3520.00
     3520.00
     3520.00
     3520.00
     3520.00
     3520.00
     1040.00
     1040.00
     1040.00
     1040.00
     1040.00
     1040.00
     1000.00
     1040.00
     1000.00
     1000.00
     1000.00
     3520.00
     3520.00
     3520.00
     3520.00
     3520.00
     3520.00
     3520.00
     3520.00
     3520.00
     1040.00
     1000.00
     1000.00
     1000.00
     1000.00
     1000.00
     1000.00
     1000.00
     1000.00
     1000.00
     1000.00
     3560.00
     3520.00
     3520.00
     3520.00
     3520.00
     3520.00
     3520.00
     3520.00
     3520.00
     1080.00
     1040.00
     1000.00
     1040.00
     1040.00
     1000.00
     1000.00
     1040.00
     1040.00
     1040.00
     1040.00
     3560.00
     3560.00
     3560.00
     3520.00
     3560.00
     3520.00
     3560.00
     3520.00
     3560.00
     7960.00
     1040.00
     1040.00
     1000.00
     1000.00
     1040.00
     1000.00
     1040.00
     1040.00
     1000.00
     1040.00
     3560.00
     3560.00
     3520.00
     3520.00
     3520.00
     3560.00
     3520.00
     3520.00
     3520.00
     3520.00
     1040.00
     1000.00
     1040.00
     1000.00
     1040.00
     1000.00
     1040.00
     1000.00
     1000.00
     1040.00
     3560.00
     3520.00
     3520.00
     3520.00
     3520.00
     3520.00
     3520.00
     3520.00
     3520.00
     3520.00
     1040.00
     1000.00
     1040.00
     1040.00
     1040.00
     1040.00
     1040.00
     1040.00
     1000.00
     1000.00
     3560.00
     3520.00
     3560.00
     3520.00
     3560.00
     3520.00
     3520.00
     3520.00
     3560.00
     3520.00
     1160.00
     1040.00
     1040.00
     1040.00
     1040.00
     1040.00
     1040.00
     1000.00
     1000.00
     1000.00
     3560.00
     3520.00
     3520.00
     3520.00
     3520.00
     3520.00
     3520.00
     3520.00
     3520.00
     3520.00
     2440.00
     1000.00
     1000.00
     1000.00
     1000.00
     1040.00
     1000.00
     1000.00
     1040.00
     1040.00
     3560.00
     3520.00
     3520.00
     3520.00
     3520.00
     3520.00
     3520.00
     3520.00
     3520.00
     3520.00
     8160.00
     1000.00
     1000.00
     1000.00
     1000.00
     1000.00
     1000.00
     1000.00
     1000.00
     1040.00
     3560.00
     3520.00
     3520.00
     3520.00
     3520.00
     3520.00
     3520.00
     3520.00
     3520.00
     3520.00
     3520.00
     1040.00
     1000.00
     1000.00
     1000.00
     1000.00
     1000.00
     1000.00
     1040.00
     1000.00
     3600.00
     3520.00
     3520.00
     3520.00
     3520.00
     3520.00
     3520.00
     3480.00
     3520.00
     3520.00
     3520.00
     1040.00
     1000.00
     1000.00
     1000.00
     1000.00
     1040.00
     1040.00
     1040.00
     1040.00
     3560.00
     3520.00
     3520.00
     3520.00
     3560.00
     3520.00
     3520.00
     3520.00
     3520.00
     3520.00
     3520.00
     1360.00
     1040.00
     1000.00
     1000.00
     1000.00
     1040.00
     1040.00
     1000.00
     1040.00
     3560.00
     3560.00
     3520.00
     3520.00
     3520.00
     3520.00
     3520.00
     3520.00
     3520.00
     3520.00
     3520.00
     4440.00
     1000.00
     1000.00
     1040.00
     1000.00
     1000.00
     1000.00
     1000.00
     1000.00
     3560.00
     3560.00
     3520.00
     3520.00
     3520.00
     3520.00
     3520.00
     3520.00
     3520.00
     3520.00
     3520.00
     3520.00
     1000.00
     1000.00
     1040.00
     1000.00
     1040.00
     1040.00
     1000.00
     1040.00
     3600.00
     3520.00
     3520.00
     3520.00
     3520.00
     3520.00
     3520.00
     3520.00
     3520.00
     3520.00
     3520.00
     3520.00
     1040.00
     1000.00
     1000.00
     1000.00
     1040.00
     1000.00
     1000.00
     1040.00
     3600.00
     3520.00
     3520.00
     3520.00
     3520.00
     3520.00
     3520.00
     3520.00
     3520.00
     3520.00
     3520.00
     3520.00
     1680.00
     1040.00
     1000.00
     1000.00
     1000.00
     1000.00
     1040.00
     1000.00
     3600.00
     3520.00
     3520.00
     3520.00
     3520.00
     3520.00
     3520.00
     3520.00
     3520.00
     3480.00
     3520.00
     3520.00
     7800.00
     1000.00
     1040.00
     1000.00
     1040.00
     1000.00
     1000.00
     1000.00
     3640.00
     3560.00
     3520.00
     3520.00
     3520.00
     3520.00
     3520.00
     3520.00
     3520.00
     3520.00
     3520.00
     3520.00
     3560.00
     1040.00
     1040.00
     1000.00
     1000.00
     1040.00
     1040.00
     1000.00
     3640.00
     3560.00
     3520.00
     3520.00
     3520.00
     3560.00
     3560.00
     3520.00
     3520.00
     3560.00
     3560.00
     3520.00
     3520.00
     1040.00
     1000.00
     1000.00
     1040.00
     1040.00
     1040.00
     1000.00
     3640.00
     3520.00
     3560.00
     3520.00
     3520.00
     3520.00
     3520.00
     3560.00
     3560.00
     3520.00
     3520.00
     3560.00
     3520.00
     1200.00
     1040.00
     1040.00
     1040.00
     1040.00
     1040.00
     1000.00
     3720.00
     3560.00
     3560.00
     3560.00
     3520.00
     3520.00
     3560.00
     3560.00
     3560.00
     3520.00
     3520.00
     3520.00
     3560.00
     2440.00
     1040.00
     1040.00
     1040.00
     1040.00
     1040.00
     1040.00
     3720.00
     3560.00
     3520.00
     3560.00
     3560.00
     3520.00
     3560.00
     3520.00
     3520.00
     3560.00
     3560.00
     3520.00
     3520.00
     8160.00
     1040.00
     1000.00
     1040.00
     1040.00
     1040.00
     1040.00
     3720.00
