Units:(mV)
         CH1
        0.00
        0.00
        0.00
        0.00
       40.00
        0.00
        0.00
        0.00
        0.00
        0.00
        0.00
        0.00
        0.00
        0.00
        0.00
        0.00
        0.00
        0.00
       40.00
        0.00
        0.00
       40.00
        0.00
        0.00
        0.00
       40.00
        0.00
       40.00
       40.00
       40.00
      600.00
     1800.00
     3040.00
     3920.00
     4400.00
     4720.00
     4840.00
     4920.00
     4960.00
     4960.00
     4840.00
     4720.00
     4640.00
     4600.00
     4400.00
     4080.00
     3800.00
     3560.00
     3440.00
     3200.00
     2960.00
     2720.00
     2600.00
     2520.00
     2360.00
     2240.00
     2120.00
     2040.00
     1960.00
     1880.00
     1760.00
     1720.00
     1640.00
     1640.00
     1560.00
     1520.00
     1480.00
     1440.00
     1400.00
     1400.00
     1320.00
     1320.00
     1280.00
     1280.00
     1240.00
     1200.00
     1240.00
     1240.00
     1200.00
     1160.00
     1160.00
     1160.00
     1120.00
     1120.00
     1120.00
     1120.00
     1160.00
     1120.00
     1120.00
     1120.00
     1080.00
     1120.00
     1080.00
     1120.00
     1080.00
     1120.00
     1080.00
     1040.00
     1040.00
     1040.00
     1000.00
     1000.00
     1000.00
     1040.00
     1080.00
     1040.00
     1080.00
     1040.00
     1040.00
     1040.00
     1040.00
     1040.00
     1040.00
     1040.00
     1040.00
     1040.00
     1040.00
     1040.00
     1080.00
     1080.00
     1080.00
     1080.00
     1120.00
     1080.00
     1120.00
     1080.00
     1120.00
     1080.00
     1120.00
     1120.00
     1120.00
     1120.00
     1080.00
     1080.00
     1080.00
     1080.00
     1080.00
     1040.00
     1040.00
     1040.00
     1080.00
     1040.00
     1040.00
     1080.00
     1080.00
     1080.00
     1080.00
     1080.00
     1080.00
     1080.00
     1080.00
     1080.00
     1080.00
     1080.00
     1080.00
     1080.00
     1080.00
     1080.00
     1080.00
     1080.00
     1080.00
     1080.00
     1080.00
     1080.00
     1080.00
     1080.00
     1080.00
     1080.00
     1080.00
     1080.00
     1040.00
     1080.00
     1080.00
     1080.00
     1080.00
     1080.00
     1080.00
     1080.00
     1120.00
     1080.00
     1080.00
     1040.00
     1080.00
     1080.00
     1040.00
     1080.00
     1080.00
     1080.00
     1080.00
     1080.00
     1080.00
     1080.00
     1080.00
     1080.00
     1080.00
     1080.00
     1080.00
     1040.00
     1080.00
     1080.00
     1080.00
     1080.00
     1080.00
     1040.00
     1040.00
     1040.00
     1040.00
     1040.00
     1040.00
     1040.00
     1040.00
     1080.00
     1080.00
     1040.00
     1080.00
     1120.00
     1080.00
     1080.00
     1080.00
     1080.00
     1080.00
     1080.00
     1080.00
     1080.00
     1080.00
     1080.00
     1080.00
     1080.00
     1080.00
     1080.00
     1080.00
     1080.00
     1080.00
     1080.00
     1080.00
     1080.00
     1080.00
     1080.00
     1080.00
     1080.00
     1080.00
     1000.00
     1080.00
     1080.00
     1160.00
     1080.00
     1080.00
     1080.00
     1080.00
     1080.00
     1080.00
     1080.00
     1080.00
     1080.00
     1080.00
     1080.00
     1040.00
     1040.00
     1040.00
     1000.00
     1000.00
     1040.00
     1080.00
     1080.00
     1040.00
     1080.00
     1080.00
     1080.00
     1080.00
     1080.00
     1080.00
     1080.00
     1080.00
     1080.00
     1080.00
     1080.00
     1080.00
     1080.00
     1080.00
     1080.00
     1080.00
     1080.00
     1080.00
     1080.00
     1080.00
     1080.00
     1080.00
     1080.00
     1040.00
     1080.00
     1080.00
     1080.00
     1080.00
     1080.00
     1080.00
     1080.00
     1080.00
     1040.00
     1080.00
     1040.00
     1040.00
     1040.00
     1040.00
     1000.00
     1040.00
     1000.00
     1000.00
     1000.00
     1000.00
     1000.00
     1040.00
     1000.00
     1040.00
     1000.00
     1000.00
     1000.00
     1000.00
     1000.00
     1000.00
     1000.00
     1040.00
     1040.00
     1080.00
     1080.00
     1080.00
     1120.00
     1080.00
     1080.00
     1080.00
     1080.00
     1080.00
     1120.00
     1120.00
     1120.00
     1120.00
     1120.00
     1120.00
     1120.00
     1120.00
     1080.00
     1120.00
     1120.00
     1120.00
     1120.00
     1080.00
     1080.00
     1080.00
     1080.00
     1080.00
     1080.00
     1080.00
     1080.00
     1080.00
     1120.00
     1080.00
     1080.00
     1080.00
     1080.00
     1080.00
     1080.00
     1080.00
     1080.00
     1080.00
     1080.00
     1080.00
     1080.00
     1080.00
     1080.00
     1080.00
     1080.00
     1080.00
     1080.00
     1080.00
     1080.00
     1080.00
     1080.00
     1080.00
     1080.00
     1080.00
     1080.00
     1080.00
     1080.00
     1080.00
     1080.00
     1080.00
     1080.00
     1080.00
     1080.00
     1040.00
     1080.00
     1080.00
     1080.00
     1080.00
     1080.00
     1080.00
     1080.00
     1080.00
     1080.00
     1080.00
     1080.00
     1080.00
     1080.00
     1080.00
     1080.00
     1080.00
     1080.00
     1080.00
     1080.00
     1080.00
     1080.00
     1080.00
     1080.00
     1080.00
     1080.00
     1040.00
     1080.00
     1080.00
     1080.00
     1080.00
     1080.00
     1080.00
     1080.00
     1080.00
     1080.00
     1080.00
     1080.00
     1080.00
     1080.00
     1040.00
     1080.00
     1080.00
     1080.00
     1080.00
     1040.00
     1080.00
     1040.00
     1040.00
     1040.00
     1040.00
     1040.00
     1040.00
     1080.00
     1080.00
     1080.00
     1080.00
     1080.00
     1080.00
     1080.00
     1080.00
     1080.00
     1080.00
     1040.00
     1080.00
     1080.00
     1080.00
     1080.00
     1040.00
     1040.00
     1040.00
      960.00
     1040.00
     1040.00
     1040.00
     1080.00
     1080.00
     1080.00
     1080.00
     1080.00
     1080.00
     1040.00
     1080.00
     1080.00
     1080.00
     1080.00
     1080.00
     1080.00
     1080.00
     1080.00
     1080.00
     1080.00
     1080.00
     1080.00
     1080.00
     1080.00
     1080.00
     1080.00
     1080.00
     1080.00
     1040.00
     1080.00
     1080.00
     1080.00
     1080.00
     1040.00
     1080.00
     1040.00
     1080.00
     1080.00
     1080.00
     1040.00
     1040.00
     1040.00
     1000.00
     1040.00
     1040.00
     1040.00
     1000.00
     1000.00
     1000.00
     1000.00
     1000.00
     1000.00
     1000.00
     1040.00
     1040.00
     1040.00
     1080.00
     1040.00
