Units:(mV)
         CH1
        0.00
        0.00
        0.00
        0.00
       40.00
        0.00
       40.00
        0.00
        0.00
        0.00
        0.00
        0.00
        0.00
        0.00
        0.00
        0.00
        0.00
        0.00
        0.00
        0.00
        0.00
        0.00
        0.00
        0.00
       40.00
        0.00
       40.00
      360.00
      760.00
     1040.00
     1240.00
     1560.00
     2440.00
     3360.00
     4080.00
     4520.00
     4760.00
     4880.00
     4920.00
     4960.00
     5000.00
     5000.00
     5000.00
     5040.00
     4960.00
     5000.00
     5000.00
     5040.00
     5000.00
     5000.00
     5000.00
     5000.00
     5000.00
     5040.00
     5000.00
     5000.00
     5040.00
     5000.00
     5000.00
     5040.00
     5040.00
     5040.00
     5000.00
     5000.00
     5040.00
     5000.00
     5040.00
     5000.00
     5040.00
     5040.00
     5000.00
     5040.00
     5000.00
     5040.00
     5000.00
     5040.00
     5000.00
     5040.00
     5040.00
     5040.00
     4920.00
     4880.00
     4840.00
     4800.00
     4720.00
     4600.00
     4520.00
     4440.00
     4440.00
     4400.00
     4280.00
     4240.00
     4160.00
     4160.00
     4120.00
     4040.00
     4000.00
     3960.00
     3920.00
     3880.00
     3840.00
     3800.00
     3800.00
     3760.00
     3720.00
     3720.00
     3680.00
     3680.00
     3680.00
     3600.00
     3600.00
     3600.00
     3560.00
     3560.00
     3520.00
     3520.00
     3520.00
     3520.00
     3480.00
     3480.00
     3440.00
     3440.00
     3440.00
     3440.00
     3440.00
     3440.00
     3440.00
     3440.00
     3440.00
     3440.00
     3440.00
     3440.00
     3440.00
     3440.00
     3440.00
     3360.00
     3440.00
     3400.00
     3360.00
     3400.00
     3400.00
     3400.00
     3400.00
     3440.00
     3440.00
     3440.00
     3480.00
     3480.00
     3480.00
     3480.00
     3520.00
     3480.00
     3480.00
     3480.00
     3480.00
     3480.00
     3480.00
     3520.00
     3520.00
     3560.00
     3560.00
     3520.00
     3600.00
     3560.00
     3600.00
     3560.00
     3600.00
     3600.00
     3600.00
     3600.00
     3600.00
     3640.00
     3600.00
     3560.00
     3600.00
     3600.00
     3600.00
     3600.00
     3600.00
     3600.00
     3600.00
     3600.00
     3600.00
     3600.00
     3600.00
     3640.00
     3640.00
     3640.00
     3680.00
     3680.00
     3720.00
     3720.00
     3760.00
     3800.00
     3800.00
     3840.00
     3840.00
     3840.00
     3840.00
     3840.00
     3840.00
     3800.00
     3880.00
     3880.00
     3920.00
     3920.00
     3960.00
     3960.00
     3960.00
     3960.00
     3960.00
     3960.00
     3960.00
     4000.00
     4040.00
     4040.00
     4080.00
     4080.00
     4120.00
     4120.00
     4120.00
     4160.00
     4160.00
     4200.00
     4200.00
     4280.00
     4240.00
     4240.00
     4240.00
     4200.00
     4200.00
     4200.00
     4200.00
     4240.00
     4280.00
     4280.00
     4280.00
     4280.00
     4320.00
     4280.00
     4280.00
     4280.00
     4320.00
     4360.00
     4360.00
     4360.00
     4400.00
     4400.00
     4360.00
     4400.00
     4360.00
     4360.00
     4400.00
     4440.00
     4480.00
     4480.00
     4480.00
     4520.00
     4480.00
     4520.00
     4480.00
     4520.00
     4520.00
     4520.00
     4560.00
     4560.00
     4600.00
     4600.00
     4640.00
     4640.00
     4680.00
     4680.00
     4680.00
     4720.00
     4720.00
     4720.00
     4720.00
     4720.00
     4760.00
     4760.00
     4760.00
     4760.00
     4760.00
     4760.00
     4720.00
     4720.00
     4720.00
     4760.00
     4760.00
     4800.00
     4840.00
     4840.00
     4880.00
     4880.00
     4880.00
     4920.00
     4920.00
     4920.00
     4960.00
     4960.00
     4960.00
     5000.00
     5000.00
     5000.00
     5000.00
     5040.00
     5040.00
     5000.00
     5040.00
     4960.00
     4960.00
     4960.00
     4960.00
     5000.00
     5000.00
     5000.00
     5000.00
     5000.00
     5040.00
     5040.00
     5000.00
     5000.00
     5040.00
     5040.00
     5040.00
     5000.00
     5040.00
     5000.00
     5040.00
     5000.00
     5040.00
     5040.00
     5040.00
     5040.00
     5000.00
     5040.00
     5000.00
     5000.00
     5040.00
     5040.00
     5000.00
     5040.00
     5040.00
     5040.00
     5040.00
     4960.00
     5000.00
     5000.00
     5040.00
     5040.00
     5040.00
     5040.00
     5000.00
     5000.00
     5000.00
     5000.00
     5040.00
     5000.00
     5040.00
     5040.00
     5000.00
     5040.00
     5040.00
     5000.00
     5000.00
     5000.00
     5040.00
     4920.00
     5000.00
     5040.00
     5000.00
     5000.00
     5000.00
     4920.00
     4960.00
     5000.00
     4960.00
     5000.00
     5000.00
     5000.00
     5040.00
     5000.00
     5000.00
     5000.00
     5040.00
     5000.00
     5040.00
     5040.00
     5040.00
     5000.00
     5040.00
     5040.00
     5040.00
     5000.00
     5040.00
     5040.00
     5000.00
     5000.00
     5040.00
     5000.00
     5040.00
     5040.00
     5040.00
     5000.00
     5000.00
     5040.00
     5040.00
     5040.00
     5040.00
     5040.00
     5040.00
     5000.00
     5040.00
     5040.00
     5040.00
     5000.00
     5040.00
     5040.00
     5000.00
     5000.00
     5040.00
     5040.00
     5040.00
     5000.00
     5000.00
     5000.00
     5000.00
     5040.00
     5000.00
     5000.00
     5040.00
     5040.00
     5000.00
     5040.00
     5040.00
     5040.00
     5040.00
     5000.00
     5040.00
     5040.00
     5000.00
     5040.00
     5040.00
     5040.00
     5000.00
     5000.00
     5040.00
     5040.00
     5000.00
     5000.00
     5040.00
     5000.00
     5040.00
     5000.00
     5000.00
     5040.00
     5000.00
     5040.00
     5000.00
     5040.00
     5000.00
     5040.00
     5040.00
     5000.00
     5040.00
     5040.00
     5040.00
     5040.00
     5040.00
     5040.00
     5040.00
     5040.00
     5000.00
     5040.00
     5080.00
     5040.00
     5000.00
     5040.00
     5040.00
     5000.00
     5040.00
     5040.00
     5000.00
     5000.00
     5000.00
     4920.00
     5040.00
     5000.00
     5000.00
     5080.00
     5040.00
     5000.00
     5000.00
     5000.00
     5040.00
     5040.00
     5040.00
     5040.00
     5040.00
     5040.00
     5000.00
     5000.00
     5040.00
     5000.00
     5040.00
     5040.00
     5040.00
     5040.00
     5000.00
     5040.00
     5040.00
     5040.00
     5000.00
     5080.00
     5000.00
     5000.00
     5040.00
     5040.00
     5040.00
     5000.00
     5040.00
     5040.00
     5040.00
     5000.00
     5000.00
     5040.00
     5040.00
     5000.00
     5000.00
     5040.00
     5040.00
     5040.00
     5040.00
     5040.00
     5000.00
     5040.00
     5000.00
     5000.00
     5040.00
     5000.00
     5040.00
     5040.00
     5040.00
     5040.00
     5000.00
     5040.00
     5040.00
