Units:(mV)
         CH1
     3520.00
     3560.00
     8160.00
     6920.00
     2920.00
     1640.00
     1240.00
     1120.00
     1080.00
     1040.00
     1040.00
     1040.00
     1040.00
     1040.00
     1000.00
     1040.00
     1040.00
     1000.00
     1040.00
     1000.00
     1040.00
     1040.00
     1040.00
     1040.00
     1040.00
     1000.00
     1040.00
     1000.00
     1040.00
     1000.00
     1040.00
     1040.00
     1000.00
     1040.00
     1000.00
     1000.00
     1040.00
     1000.00
     1040.00
     1040.00
     1040.00
     1040.00
     1000.00
     1040.00
     1040.00
     1040.00
     1000.00
     1000.00
     1000.00
     1040.00
     1000.00
     1000.00
     1000.00
     1000.00
     1040.00
     1040.00
     1040.00
     1000.00
     1000.00
     1040.00
     1000.00
     1040.00
     1040.00
     1000.00
     1040.00
     1000.00
     1040.00
     1080.00
     1000.00
     1040.00
     1040.00
     1040.00
     1040.00
     1000.00
     1000.00
     1000.00
     1000.00
     1040.00
     1040.00
     1040.00
     1000.00
     1040.00
     1000.00
     1000.00
     1000.00
     1000.00
     1000.00
     1000.00
     1000.00
     1000.00
     1040.00
     1000.00
     1000.00
     1040.00
     1000.00
     1040.00
     1040.00
     1000.00
     1040.00
     1000.00
     1040.00
     1040.00
     1040.00
     1040.00
     1040.00
     1040.00
     1000.00
     1040.00
     1040.00
     1000.00
     1000.00
     1040.00
     1040.00
     1040.00
     1040.00
     1040.00
     1040.00
     1040.00
     1040.00
     1040.00
     1000.00
     1040.00
     1040.00
     1040.00
     1040.00
     1000.00
     1040.00
     1040.00
     1040.00
     1000.00
     1000.00
     1040.00
     1000.00
     1040.00
     1040.00
     1040.00
     1040.00
     1000.00
     1040.00
     1000.00
     1000.00
     1040.00
     1040.00
     1040.00
     1040.00
     1040.00
     1000.00
     1040.00
     1040.00
     1040.00
     1040.00
     1040.00
     1040.00
     1000.00
     1000.00
     1040.00
     1000.00
     1040.00
     1000.00
     1040.00
     1040.00
     1000.00
     1040.00
     1040.00
     1040.00
     1000.00
     1000.00
     1040.00
     1000.00
     1040.00
     1040.00
     1000.00
     1040.00
     1000.00
     1040.00
     1040.00
     1000.00
     1040.00
     1040.00
     1040.00
     1040.00
     1040.00
     8160.00
     8160.00
     5680.00
     4280.00
     3800.00
     3600.00
     3600.00
     3560.00
     3560.00
     3560.00
     3520.00
     3560.00
     3520.00
     3520.00
     3560.00
     3520.00
     3560.00
     3520.00
     3560.00
     3560.00
     8160.00
     8000.00
     3280.00
     1800.00
     1320.00
     1120.00
     1080.00
     1000.00
     1000.00
     1040.00
     1000.00
     1000.00
     1040.00
     1040.00
     1040.00
     1040.00
     1000.00
     1040.00
     1040.00
     1000.00
     1040.00
     1000.00
     1000.00
     1000.00
     1040.00
     1000.00
     1000.00
     1080.00
     1000.00
     1040.00
     1040.00
     1000.00
     1040.00
     1040.00
     1040.00
     1040.00
     1000.00
     1000.00
     1040.00
     1000.00
     1040.00
     1040.00
     1000.00
     1000.00
     1040.00
     1000.00
     1040.00
     1000.00
     1000.00
     1040.00
     1040.00
     1040.00
     1000.00
     1040.00
     1040.00
     1040.00
     1040.00
     1000.00
     1040.00
     1000.00
     1040.00
     1040.00
     1040.00
     1000.00
     1000.00
     1040.00
     1040.00
     1000.00
     1040.00
     1000.00
     1040.00
     1040.00
     1000.00
     1040.00
     1040.00
     1040.00
     1000.00
     1040.00
     1040.00
     1000.00
     1040.00
     1040.00
     1000.00
     1040.00
     1040.00
     1000.00
     1040.00
     1040.00
     1040.00
     1000.00
     1040.00
     1040.00
     1040.00
     1000.00
     1000.00
     1000.00
     1040.00
     1000.00
     1040.00
     1040.00
     1040.00
     1040.00
     1040.00
     1000.00
     1040.00
     1040.00
     1040.00
     1040.00
     1000.00
     1040.00
     1000.00
     1040.00
     1040.00
     1040.00
     1040.00
     1000.00
     1040.00
     1040.00
     1040.00
     1040.00
     1040.00
     1000.00
     1000.00
     1040.00
     1000.00
     1040.00
     1000.00
     1000.00
     1040.00
     1040.00
     1040.00
     1000.00
     1040.00
     1000.00
     1000.00
     1040.00
     1000.00
     1040.00
     1040.00
     1000.00
     1040.00
     1040.00
     1040.00
     1040.00
     1000.00
     1040.00
     1000.00
     1040.00
     1000.00
     1000.00
     1040.00
     1000.00
     1040.00
     1000.00
     1000.00
     1040.00
     1000.00
     1040.00
     1040.00
     1000.00
     1040.00
     1040.00
     1040.00
     1040.00
     1040.00
     1040.00
     1040.00
     1040.00
     1000.00
     1040.00
     1040.00
     1040.00
     1000.00
     1040.00
     1000.00
     1040.00
     1040.00
     1000.00
     1000.00
     1040.00
       40.00
     8160.00
     6080.00
     4400.00
     3840.00
     3640.00
     3600.00
     3560.00
     3520.00
     3520.00
     3520.00
     3560.00
     3520.00
     3520.00
     3560.00
     3560.00
     3560.00
     3520.00
     3560.00
     3560.00
     1760.00
     8160.00
     3720.00
     1920.00
     1360.00
     1160.00
     1080.00
     1040.00
     1040.00
     1040.00
     1040.00
     1040.00
     1000.00
     1040.00
     1000.00
     1000.00
     1040.00
     1000.00
     1000.00
     1000.00
     1040.00
     1040.00
     1000.00
     1040.00
     1000.00
     1040.00
     1040.00
     1040.00
     1040.00
     1000.00
     1040.00
     1000.00
     1040.00
     1040.00
     1040.00
     1000.00
     1040.00
     1040.00
     1000.00
     1040.00
     1040.00
     1000.00
     1040.00
     1000.00
     1040.00
     1040.00
     1000.00
     1040.00
     1000.00
     1000.00
     1040.00
     1000.00
     1000.00
     1040.00
     1040.00
     1040.00
     1000.00
     1040.00
     1040.00
     1040.00
     1040.00
     1000.00
     1000.00
     1000.00
     1040.00
     1040.00
     1000.00
     1000.00
     1040.00
     1000.00
     1040.00
     1040.00
     1000.00
     1040.00
     1000.00
     1040.00
     1040.00
     1000.00
     1040.00
     1040.00
     1000.00
     1000.00
     1000.00
     1040.00
     1040.00
     1000.00
     1040.00
     1040.00
     1000.00
     1040.00
     1040.00
     1000.00
     1040.00
     1040.00
     1040.00
     1040.00
     1040.00
     1040.00
     1000.00
     1040.00
     1000.00
     1000.00
     1000.00
     1040.00
     1040.00
     1000.00
     1040.00
     1040.00
     1000.00
     1040.00
     1040.00
     1040.00
     1040.00
     1040.00
     1040.00
     1000.00
     1040.00
     1000.00
     1000.00
     1040.00
     1000.00
     1040.00
     1040.00
     1040.00
     1000.00
     1040.00
     1040.00
     1040.00
     1040.00
     1000.00
     1040.00
     1000.00
     1040.00
     1040.00
     1040.00
     1040.00
     1040.00
     1000.00
     1040.00
     1000.00
     1040.00
     1000.00
     1040.00
     1000.00
     1000.00
     1040.00
     1040.00
     1000.00
     1040.00
     1000.00
     1040.00
     1000.00
     1040.00
     1040.00
     1040.00
     1040.00
     1000.00
     1040.00
     1040.00
     1000.00
     1040.00
     1040.00
     1000.00
     1040.00
     1040.00
     1040.00
     1000.00
     1040.00
     1000.00
     1040.00
     1000.00
     1040.00
     1040.00
     1040.00
     1040.00
     1040.00
     1040.00
     1040.00
     1040.00
     1040.00
     1000.00
     8160.00
     6560.00
     4560.00
     3880.00
     3640.00
     3600.00
     3560.00
     3560.00
     3560.00
     3560.00
     3560.00
     3520.00
     3560.00
     3560.00
     3520.00
     3560.00
     3560.00
     3560.00
     3560.00
     3520.00
     8160.00
     4200.00
     2080.00
     1400.00
     1160.00
     1080.00
     1040.00
     1040.00
     1040.00
     1000.00
     1040.00
     1040.00
     1040.00
     1040.00
     1040.00
     1040.00
     1040.00
     1040.00
     1000.00
     1000.00
     1040.00
     1040.00
     1040.00
     1000.00
     1000.00
     1040.00
     1040.00
     1000.00
     1000.00
     1000.00
     1000.00
     1040.00
     1000.00
     1000.00
     1040.00
     1000.00
     1040.00
     1040.00
     1000.00
     1040.00
     1000.00
     1040.00
     1000.00
     1040.00
     1000.00
     1040.00
     1000.00
     1000.00
     1000.00
     1040.00
     1040.00
     1000.00
     1040.00
     1040.00
     1040.00
     1000.00
     1000.00
     1040.00
     1040.00
     1000.00
     1040.00
     1040.00
     1040.00
     1000.00
     1040.00
     1000.00
     1000.00
     1040.00
     1000.00
     1040.00
     1040.00
     1000.00
     1040.00
     1000.00
     1040.00
     1040.00
     1000.00
     1040.00
     1000.00
     1000.00
     1040.00
     1000.00
     1040.00
     1040.00
     1040.00
     1000.00
     1000.00
     1040.00
     1000.00
     1040.00
     1000.00
     1000.00
     1000.00
     1000.00
     1040.00
     1000.00
     1040.00
     1000.00
     1040.00
     1040.00
     1040.00
     1000.00
     1040.00
     1000.00
     1000.00
     1000.00
     1000.00
     1000.00
     1040.00
     1000.00
     1040.00
     1040.00
     1000.00
     1040.00
     1000.00
     1040.00
     1040.00
     1000.00
     1040.00
     1000.00
     1000.00
     1040.00
     1040.00
     1040.00
     1000.00
     1040.00
     1000.00
     1000.00
     1040.00
     1040.00
     1000.00
     1040.00
     1000.00
     1040.00
     1040.00
     1040.00
     1000.00
     1040.00
     1000.00
     1040.00
     1040.00
     1040.00
     1040.00
     1000.00
     1040.00
     1040.00
     1040.00
     1040.00
     1040.00
     1040.00
     1000.00
     1040.00
     1040.00
     1000.00
     1000.00
     1040.00
     1000.00
     1000.00
     1000.00
     1040.00
     1000.00
     1040.00
     1040.00
     1000.00
     1040.00
     1000.00
     1040.00
     1040.00
     1000.00
     1040.00
     1000.00
     1000.00
     1040.00
     1040.00
     1000.00
     1000.00
     1040.00
     1000.00
     1000.00
     1040.00
     8160.00
     7080.00
     4720.00
     3920.00
     3680.00
     3600.00
     3560.00
     3520.00
     3560.00
     3560.00
     3560.00
     3560.00
     3560.00
     3560.00
     3520.00
     3560.00
     3520.00
     3560.00
     3560.00
     3520.00
     8160.00
     4800.00
     2240.00
     1440.00
     1160.00
     1080.00
     1040.00
     1040.00
     1040.00
     1000.00
     1040.00
     1000.00
     1040.00
     1040.00
     1000.00
     1040.00
     1000.00
     1040.00
     1040.00
     1000.00
     1040.00
     1000.00
     1040.00
     1040.00
     1000.00
     1000.00
     1000.00
     1000.00
     1000.00
     1040.00
     1040.00
     1040.00
     1040.00
     1040.00
     1000.00
     1000.00
     1040.00
     1000.00
     1000.00
     1000.00
     1000.00
     1040.00
     1040.00
     1000.00
     1040.00
     1000.00
     1040.00
     1000.00
     1000.00
     1040.00
     1000.00
     1040.00
     1040.00
     1040.00
     1040.00
     1040.00
     1040.00
     1000.00
     1040.00
     1000.00
     1000.00
     1040.00
     1000.00
     1000.00
     1000.00
     1040.00
     1000.00
     1000.00
     1040.00
     1000.00
     1040.00
     1040.00
     1000.00
     1000.00
     1000.00
     1040.00
     1040.00
     1000.00
     1040.00
     1040.00
     1040.00
     1000.00
     1000.00
     1040.00
     1000.00
     1040.00
     1040.00
     1040.00
     1000.00
     1040.00
     1040.00
     1000.00
     1040.00
     1000.00
     1040.00
     1040.00
     1000.00
     1040.00
     1040.00
     1000.00
     1040.00
     1000.00
     1040.00
     1000.00
     1040.00
     1040.00
     1000.00
     1040.00
     1000.00
     1000.00
     1000.00
     1040.00
     1040.00
     1040.00
     1040.00
     1000.00
     1040.00
     1000.00
     1000.00
     1040.00
     1000.00
     1040.00
     1000.00
     1040.00
     1040.00
     1040.00
     1000.00
     1040.00
     1040.00
     1000.00
     1040.00
     1000.00
     1040.00
     1040.00
     1000.00
     1040.00
     1040.00
     1000.00
     1040.00
     1040.00
     1000.00
     1040.00
     1000.00
     1040.00
     1000.00
     1000.00
     1040.00
