Units:(mV)
         CH1
     1000.00
     1040.00
     1040.00
     1040.00
     1040.00
     1000.00
     1000.00
     1000.00
     1040.00
     1040.00
     1040.00
     1040.00
     1040.00
     1000.00
     1000.00
     1040.00
     1000.00
     1000.00
     1040.00
     1040.00
     1040.00
     1040.00
     1040.00
     1040.00
     1000.00
     1000.00
     1040.00
     1040.00
     1040.00
     1040.00
     1000.00
     1040.00
     1000.00
     1000.00
     1040.00
     1040.00
     1040.00
     1000.00
     1000.00
     1040.00
     1040.00
     1040.00
     1040.00
     1040.00
     1040.00
     1040.00
     1040.00
     1000.00
     1040.00
     1040.00
     1000.00
     1000.00
     1000.00
     1040.00
     1000.00
     8160.00
     3560.00
     3520.00
     3560.00
     3560.00
     3560.00
     3520.00
     3560.00
     3520.00
     3520.00
     3520.00
     3520.00
     3520.00
     3520.00
     3520.00
     3520.00
     3520.00
     3520.00
     3520.00
     3560.00
     3520.00
     3520.00
     3560.00
     3520.00
     3520.00
     3520.00
     3520.00
     3520.00
     3520.00
     3520.00
     3520.00
     3520.00
     3520.00
     3520.00
     3520.00
     3520.00
     3520.00
     3560.00
     3520.00
     3560.00
     3520.00
     3520.00
     3520.00
     3520.00
     3560.00
     3560.00
     3520.00
     3520.00
     3520.00
     3520.00
     3520.00
     3520.00
     3560.00
     3520.00
     3520.00
     3520.00
     3560.00
     8160.00
     1000.00
     1000.00
     8160.00
     3520.00
     3560.00
     3520.00
     3520.00
     3520.00
     3520.00
     3560.00
     3520.00
     3560.00
     3520.00
     3520.00
     3520.00
     1240.00
     1040.00
     1040.00
     1040.00
     1000.00
     1040.00
     1040.00
     8160.00
     3560.00
     3560.00
     3520.00
     3560.00
     3520.00
     3520.00
     3520.00
     3520.00
     3520.00
     3120.00
     1040.00
     1040.00
     1000.00
     1000.00
     1040.00
     1040.00
     1040.00
     1040.00
     1000.00
     8160.00
     3560.00
     3520.00
     3520.00
     3520.00
     3520.00
     3520.00
     3520.00
     3480.00
     1040.00
     1000.00
     1040.00
     1000.00
     1000.00
     1040.00
     1000.00
     1040.00
     1040.00
     1040.00
     1040.00
       40.00
     3560.00
     3560.00
     3520.00
     3520.00
     3520.00
     3520.00
     1360.00
     1000.00
     1000.00
     1040.00
     1040.00
     1000.00
     1000.00
     1040.00
     1000.00
     1040.00
     1000.00
     1000.00
     1000.00
     1040.00
     3560.00
     3560.00
     3520.00
     3560.00
     3560.00
     1400.00
     1040.00
     1000.00
     1000.00
     1040.00
     1040.00
     1040.00
     1040.00
     1000.00
     1040.00
     1000.00
     1000.00
     1000.00
     1040.00
     1000.00
     3560.00
     3560.00
     3520.00
     3560.00
     3520.00
     1040.00
     1040.00
     1040.00
     1000.00
     1000.00
     1040.00
     1040.00
     1000.00
     1040.00
     1040.00
     1000.00
     1040.00
     1000.00
     1040.00
     1000.00
     3560.00
     3520.00
     3520.00
     3520.00
     5720.00
     1040.00
     1040.00
     1040.00
     1040.00
     1040.00
     1000.00
     1040.00
     1000.00
     1000.00
     1040.00
     1000.00
     1040.00
     1040.00
     1040.00
     1040.00
     3520.00
     3560.00
     3520.00
     3560.00
     1080.00
     1040.00
     1000.00
     1040.00
     1040.00
     1040.00
     1040.00
     1000.00
     1000.00
     1000.00
     1000.00
     1000.00
     1040.00
     1040.00
     1040.00
     1040.00
     3560.00
     3520.00
     3520.00
     3520.00
     1120.00
     1040.00
     1040.00
     1000.00
     1000.00
     1040.00
     1040.00
     1000.00
     1000.00
     1000.00
     1040.00
     1000.00
     1000.00
     1000.00
     1040.00
     1000.00
     3560.00
     3560.00
     3520.00
     3520.00
     1040.00
     1000.00
     1040.00
     1040.00
     1040.00
     1000.00
     1040.00
     1040.00
     1040.00
     1040.00
     1040.00
     1040.00
     1040.00
     1040.00
     1040.00
     1040.00
     3520.00
     3560.00
     3520.00
     3520.00
     1040.00
     1000.00
     1040.00
     1040.00
     1040.00
     1040.00
     1040.00
     1040.00
     1000.00
     1000.00
     1000.00
     1000.00
     1040.00
     1040.00
     1040.00
     1000.00
     3520.00
     3520.00
     3520.00
     3520.00
     1040.00
     1040.00
     1000.00
     1040.00
     1040.00
     1040.00
     1040.00
     1040.00
     1040.00
     1040.00
     1040.00
     1040.00
     1000.00
     1040.00
     1000.00
     1040.00
     3560.00
     3560.00
     3520.00
     3520.00
     1080.00
     1040.00
     1040.00
     1040.00
     1040.00
     1000.00
     1040.00
     1000.00
     1040.00
     1040.00
     1040.00
     1000.00
     1040.00
     1000.00
     1000.00
     1000.00
     3560.00
     3560.00
     3520.00
     3520.00
     1080.00
     1040.00
     1040.00
     1040.00
     1040.00
     1000.00
     1000.00
     1040.00
     1000.00
     1000.00
     1000.00
     1040.00
     1040.00
     1040.00
     1040.00
     1000.00
     3520.00
     3560.00
     3520.00
     3560.00
     1040.00
     1000.00
     1000.00
     1040.00
     1040.00
     1040.00
     1040.00
     1040.00
     1040.00
     1000.00
     1040.00
     1040.00
     1040.00
     1040.00
     1040.00
     1040.00
     3560.00
     3520.00
     3520.00
     3520.00
     1040.00
     1000.00
     1000.00
     1000.00
     1040.00
     1000.00
     1000.00
     1040.00
     1040.00
     1040.00
     1040.00
     1040.00
     1040.00
     1000.00
     1000.00
     1040.00
     3560.00
     3560.00
     3520.00
     3520.00
     1080.00
     1040.00
     1040.00
     1000.00
     1040.00
     1000.00
     1040.00
     1000.00
     1000.00
     1040.00
     1000.00
     1040.00
     1000.00
     1040.00
     1040.00
     1000.00
     3520.00
     3560.00
     3520.00
     3560.00
     1080.00
     1000.00
     1040.00
     1040.00
     1040.00
     1000.00
     1040.00
     1040.00
     1040.00
     1040.00
     1040.00
     1000.00
     1000.00
     1040.00
     1040.00
     1000.00
     3560.00
     3520.00
     3520.00
     3520.00
     1080.00
     1040.00
     1040.00
     1040.00
     1040.00
     1040.00
     1040.00
     1040.00
     1040.00
     1000.00
     1040.00
     1000.00
     1000.00
     1000.00
     1000.00
     1040.00
     3560.00
     3560.00
     3520.00
     3560.00
     1080.00
     1040.00
     1040.00
     1000.00
     1000.00
     1000.00
     1000.00
     1000.00
     1040.00
     1000.00
     1040.00
     1040.00
     1000.00
     1040.00
     1040.00
     1000.00
     3560.00
     3560.00
     3520.00
     3560.00
     1120.00
     1040.00
     1000.00
     1040.00
     1000.00
     1000.00
     1000.00
     1000.00
     1000.00
     1000.00
     1000.00
     1040.00
     1040.00
     1040.00
     1040.00
     1000.00
     3560.00
     3560.00
     3520.00
     3560.00
     1120.00
     1000.00
     1040.00
     1000.00
     1040.00
     1040.00
     1040.00
     1000.00
     1040.00
     1000.00
     1000.00
     1040.00
     1000.00
     1040.00
     1040.00
     1040.00
     3560.00
     3560.00
     3520.00
     3520.00
     1120.00
     1000.00
     1040.00
     1040.00
     1000.00
     1000.00
     1040.00
     1000.00
     1000.00
     1040.00
     1040.00
     1040.00
     1040.00
     1000.00
     1040.00
     1000.00
     3600.00
     3560.00
     3520.00
     3560.00
     1160.00
     1000.00
     1040.00
     1040.00
     1040.00
     1000.00
     1000.00
     1000.00
     1040.00
     1040.00
     1040.00
     1040.00
     1040.00
     1000.00
     1000.00
     1000.00
     3520.00
     3520.00
     3520.00
     3520.00
     1160.00
     1000.00
     1040.00
     1040.00
     1040.00
     1040.00
     1040.00
     1040.00
     1000.00
     1040.00
     1000.00
     1000.00
     1040.00
     1040.00
     1040.00
     1000.00
     3560.00
     3520.00
     3520.00
     3520.00
     1200.00
     1000.00
     1000.00
     1040.00
     1040.00
     1040.00
     1000.00
     1040.00
     1040.00
     1040.00
     1040.00
     1000.00
     1040.00
     1000.00
     1000.00
     1040.00
     3560.00
     3520.00
     3520.00
     3480.00
     1200.00
     1040.00
     1000.00
     1000.00
     1000.00
     1040.00
     1040.00
     1040.00
     1040.00
     1040.00
     1000.00
     1040.00
     1040.00
     1000.00
     1040.00
     1000.00
     3560.00
     3560.00
     3520.00
     3520.00
     1240.00
     1040.00
     1040.00
     1040.00
     1040.00
     1040.00
     1040.00
     1040.00
     1000.00
     1000.00
     1040.00
     1000.00
     1040.00
     1000.00
     1040.00
     1040.00
     3560.00
     3560.00
     3520.00
