Units:(mV)
         CH1
        0.00
        0.00
        0.00
        0.00
        0.00
        0.00
        0.00
        0.00
        0.00
      -40.00
        0.00
        0.00
        0.00
        0.00
        0.00
        0.00
        0.00
        0.00
        0.00
        0.00
        0.00
        0.00
        0.00
        0.00
        0.00
        0.00
        0.00
        0.00
        0.00
        0.00
        0.00
        0.00
        0.00
        0.00
        0.00
        0.00
       40.00
        0.00
        0.00
        0.00
        0.00
       40.00
        0.00
       40.00
       40.00
       80.00
      120.00
      360.00
      640.00
      840.00
     1000.00
     1040.00
     1080.00
     1120.00
     1120.00
     1120.00
     1160.00
     1160.00
     1200.00
     1200.00
     1200.00
     1240.00
     1240.00
     1240.00
     1240.00
     1280.00
     1280.00
     1280.00
     1280.00
     1320.00
     1320.00
     1320.00
     1320.00
     1320.00
     1360.00
     1360.00
     1360.00
     1400.00
     1400.00
     1400.00
     1400.00
     1440.00
     1440.00
     1480.00
     1480.00
     1480.00
     1480.00
     1480.00
     1520.00
     1520.00
     1520.00
     1520.00
     1560.00
     1560.00
     1560.00
     1560.00
     1600.00
     1600.00
     1600.00
     1600.00
     1600.00
     1640.00
     1640.00
     1680.00
     1680.00
     1680.00
     1720.00
     1720.00
     1720.00
     1720.00
     1720.00
     1760.00
     1760.00
     1760.00
     1800.00
     1800.00
     1800.00
     1840.00
     1800.00
     1800.00
     1840.00
     1840.00
     1840.00
     1880.00
     1880.00
     1880.00
     1920.00
     1920.00
     1920.00
     1920.00
     1960.00
     1920.00
     1960.00
     1960.00
     2000.00
     2000.00
     2000.00
     2000.00
     2000.00
     2040.00
     2040.00
     2080.00
     2080.00
     2040.00
     2080.00
     2080.00
     2080.00
     2080.00
     2120.00
     2120.00
     2160.00
     2160.00
     2160.00
     2200.00
     2160.00
     2200.00
     2200.00
     2240.00
     2240.00
     2240.00
     2240.00
     2240.00
     2280.00
     2280.00
     2320.00
     2320.00
     2320.00
     2320.00
     2320.00
     2360.00
     2360.00
     2360.00
     2360.00
     2400.00
     2400.00
     2440.00
     2400.00
     2400.00
     2440.00
     2360.00
     2440.00
     2440.00
     2480.00
     2480.00
     2520.00
     2480.00
     2520.00
     2520.00
     2560.00
     2560.00
     2560.00
     2560.00
     2600.00
     2600.00
     2600.00
     2640.00
     2640.00
     2640.00
     2640.00
     2640.00
     2680.00
     2680.00
     2680.00
     2720.00
     2720.00
     2760.00
     2720.00
     2720.00
     2760.00
     2760.00
     2760.00
     2800.00
     2800.00
     2800.00
     2840.00
     2840.00
     2840.00
     2880.00
     2840.00
     2880.00
     2880.00
     2880.00
     2880.00
     2920.00
     2920.00
     2960.00
     2960.00
     2840.00
     2960.00
     3000.00
     3000.00
     3000.00
     3000.00
     3040.00
     3040.00
     3040.00
     3040.00
     3040.00
     3080.00
     3080.00
     3080.00
     3120.00
     3120.00
     3120.00
     3120.00
     3160.00
     3160.00
     3200.00
     3200.00
     3200.00
     3200.00
     3200.00
     3200.00
     3240.00
     3240.00
     3240.00
     3280.00
     3280.00
     3280.00
     3280.00
     3320.00
     3320.00
     3320.00
     3320.00
     3360.00
     3360.00
     3360.00
     3360.00
     3440.00
     3400.00
     3400.00
     3440.00
     3440.00
     3440.00
     3480.00
     3480.00
     3480.00
     3480.00
     3520.00
     3520.00
     3520.00
     3520.00
     3560.00
     3560.00
     3560.00
     3560.00
     3600.00
     3600.00
     3600.00
     3600.00
     3600.00
     3640.00
     3640.00
     3680.00
     3680.00
     3640.00
     3680.00
     3680.00
     3720.00
     3720.00
     3720.00
     3720.00
     3760.00
     3760.00
     3760.00
     3800.00
     3760.00
     3800.00
     3800.00
     3800.00
     3840.00
     3840.00
     3840.00
     3840.00
     3880.00
     3880.00
     3880.00
     3880.00
     3920.00
     3920.00
     3920.00
     3960.00
     3960.00
     3960.00
     4000.00
     4000.00
     4000.00
     4000.00
     4000.00
     4040.00
     4040.00
     4040.00
     4080.00
     4040.00
     4080.00
     4080.00
     4080.00
     4120.00
     4160.00
     4120.00
     4160.00
     4160.00
     4160.00
     4200.00
     4160.00
     4200.00
     4200.00
     4240.00
     4200.00
     4240.00
     4280.00
     4280.00
     4280.00
     4280.00
     4280.00
     4320.00
     4320.00
     4320.00
     4320.00
     4360.00
     4360.00
     4360.00
     4360.00
     4400.00
     4400.00
     4440.00
     4440.00
     4440.00
     4440.00
     4480.00
     4480.00
     4480.00
     4480.00
     4480.00
     4520.00
     4520.00
     4520.00
     4520.00
     4560.00
     4560.00
     4560.00
     4560.00
     4600.00
     4600.00
     4640.00
     4600.00
     4600.00
     4680.00
     4640.00
     4680.00
     4680.00
     4680.00
     4680.00
     4720.00
     4680.00
     4720.00
     4720.00
     4720.00
     4720.00
     4760.00
     4760.00
     4800.00
     4800.00
     4800.00
     4840.00
     4840.00
     4840.00
     4840.00
     4880.00
     4880.00
     4880.00
     4920.00
     4880.00
     4920.00
     4920.00
     4920.00
     4960.00
     4960.00
     5000.00
     5000.00
     4960.00
     5000.00
     5000.00
     5040.00
     5000.00
     5000.00
     5000.00
     5000.00
     5000.00
     5000.00
     5040.00
     5000.00
     5000.00
     5040.00
     5000.00
     5000.00
     5000.00
     5040.00
     5040.00
     5040.00
     5000.00
     5040.00
     5000.00
     5040.00
     5000.00
     5040.00
     5000.00
     5000.00
     5040.00
     5040.00
     5000.00
     5000.00
     5000.00
     5000.00
     5040.00
     5000.00
     5000.00
     5040.00
     5040.00
     5000.00
     5000.00
     5000.00
     5040.00
     5040.00
     5000.00
     5040.00
     5000.00
     5000.00
     5040.00
     5040.00
     5000.00
     5040.00
     5000.00
     5040.00
     5000.00
     5000.00
     5000.00
     5040.00
     5040.00
     5000.00
     5000.00
     5000.00
     5040.00
     5040.00
     5040.00
     5000.00
     5000.00
     5000.00
     5000.00
     5040.00
     5000.00
     5000.00
     5040.00
     5040.00
     5040.00
     5000.00
     5040.00
     5000.00
     5040.00
     5000.00
     5000.00
     5040.00
     5040.00
     5040.00
     5000.00
     5000.00
     5040.00
     5040.00
     5000.00
     5000.00
     5000.00
     5000.00
     5040.00
     5040.00
     5000.00
     5000.00
     5000.00
     5000.00
     5040.00
     5000.00
     5000.00
     5000.00
     5040.00
     5000.00
     5000.00
     5040.00
     5040.00
     5040.00
     5000.00
     5000.00
     5000.00
     5000.00
     5000.00
     5040.00
     5000.00
     5040.00
     5000.00
     5000.00
     5040.00
     5000.00
     5000.00
     5000.00
     5040.00
     5040.00
     5040.00
     5000.00
     5040.00
     5000.00
     5000.00
     5000.00
     5000.00
     5000.00
     5000.00
     5040.00
     5000.00
     5000.00
     5040.00
     5040.00
     5000.00
     5000.00
     5040.00
     5000.00
     5040.00
     5040.00
     5000.00
     5000.00
     5000.00
     5040.00
     5000.00
     5000.00
     5040.00
     5000.00
     5040.00
     5040.00
     5000.00
     5000.00
     5000.00
     5040.00
     5000.00
     5000.00
     5000.00
     5040.00
     5000.00
     5000.00
     5000.00
     5040.00
     5040.00
     5040.00
     5000.00
     5000.00
     5040.00
     5040.00
     5000.00
     5040.00
     5040.00
     5040.00
     5000.00
     5040.00
     5000.00
     5000.00
     5000.00
     5000.00
     5040.00
     5000.00
     5000.00
     5000.00
     5000.00
     5000.00
     5000.00
     5040.00
     5040.00
     5000.00
     5000.00
     5040.00
     5040.00
     5000.00
     5040.00
     5000.00
     5040.00
     5000.00
     5000.00
     5000.00
     5000.00
     5040.00
     5000.00
     5000.00
     5000.00
     5000.00
     5040.00
     5040.00
     5040.00
     5000.00
     5040.00
     5040.00
     5040.00
     5000.00
     5000.00
     5000.00
     5040.00
     5040.00
     5000.00
     5000.00
     5040.00
     5000.00
     5040.00
     5040.00
     5040.00
     5040.00
     5000.00
     5000.00
     5040.00
     5040.00
     5000.00
     5040.00
     5000.00
     5040.00
     5040.00
     5000.00
     5000.00
     5040.00
     5000.00
     5040.00
     5000.00
     5000.00
     5000.00
     5000.00
     5000.00
     5000.00
     5040.00
     5000.00
     5000.00
     5040.00
     5040.00
     5000.00
     5000.00
     5040.00
     5000.00
     5000.00
     5040.00
     5000.00
     5040.00
     5040.00
     5040.00
     5000.00
     5040.00
     5040.00
     5040.00
     5040.00
     5000.00
     5040.00
     5040.00
     5000.00
     5000.00
     5000.00
     5040.00
     5000.00
     5000.00
     5040.00
     5040.00
     5000.00
     5040.00
     5000.00
     5000.00
     5040.00
     5000.00
     5000.00
     5040.00
     5000.00
     5040.00
     5000.00
     5000.00
     5040.00
     5000.00
