Units:(mV)
         CH1
     1000.00
     1040.00
     1040.00
     1040.00
     1000.00
     1000.00
     1040.00
     1000.00
     1040.00
     1040.00
     1000.00
     1000.00
     1040.00
     1040.00
     1040.00
     1040.00
     1040.00
     1000.00
     1000.00
     1040.00
     1040.00
     1040.00
     1000.00
     1040.00
     1000.00
     1040.00
     1040.00
     1040.00
     1040.00
     1000.00
     1000.00
     1040.00
     1040.00
     1000.00
     1040.00
     1040.00
     1000.00
     1000.00
     1040.00
     1040.00
     1000.00
     1040.00
     1000.00
     1000.00
     1040.00
     1040.00
     4840.00
     3560.00
     3520.00
     3520.00
     3520.00
     3520.00
     3520.00
     3520.00
     3520.00
     3560.00
     3560.00
     3520.00
     3560.00
     3560.00
     3520.00
     3520.00
     3560.00
     3520.00
     3560.00
     3520.00
     3520.00
     3520.00
     3520.00
     3520.00
     3520.00
     3520.00
     3520.00
     3520.00
     3520.00
     3520.00
     3520.00
     3520.00
     3520.00
     3520.00
     3520.00
     3520.00
     3560.00
     3560.00
     3520.00
     3520.00
     3560.00
     3520.00
     3520.00
     3560.00
     3520.00
     3520.00
     3520.00
     3520.00
     3520.00
     3520.00
     3520.00
     3520.00
     3520.00
     3520.00
     3520.00
     3560.00
     3560.00
     3520.00
     3520.00
     3560.00
     4200.00
     3520.00
     3520.00
     3520.00
     3520.00
     3520.00
     3560.00
     3520.00
     3520.00
     3520.00
     3520.00
     3520.00
     3520.00
     3520.00
     1040.00
     1040.00
     1040.00
     1000.00
     1000.00
     1040.00
     6080.00
     3560.00
     3560.00
     3520.00
     3520.00
     3520.00
     3520.00
     3520.00
     3520.00
     3520.00
     3520.00
     3960.00
     1000.00
     1000.00
     1000.00
     1000.00
     1000.00
     1000.00
     1040.00
     1000.00
     8000.00
     3520.00
     3520.00
     3520.00
     3520.00
     3520.00
     3560.00
     3520.00
     3560.00
     3560.00
     1080.00
     1000.00
     1040.00
     1040.00
     1040.00
     1040.00
     1040.00
     1040.00
     1040.00
     1040.00
     7040.00
     3600.00
     3560.00
     3560.00
     3520.00
     3520.00
     3560.00
     3520.00
     3520.00
     3520.00
     1040.00
     1040.00
     1040.00
     1040.00
     1000.00
     1040.00
     1040.00
     1040.00
     1000.00
     1040.00
     7680.00
     3520.00
     3520.00
     3520.00
     3560.00
     3520.00
     3560.00
     3560.00
     3520.00
     1560.00
     1000.00
     1000.00
     1040.00
     1000.00
     1000.00
     1040.00
     1040.00
     1040.00
     1000.00
     1040.00
     8160.00
     3560.00
     3520.00
     3560.00
     3560.00
     3520.00
     3560.00
     3560.00
     3560.00
     1120.00
     1040.00
     1000.00
     1000.00
     1040.00
     1040.00
     1000.00
     1040.00
     1000.00
     1000.00
     1040.00
     8160.00
     3560.00
     3520.00
     3560.00
     3560.00
     3520.00
     3520.00
     3520.00
     3520.00
     1760.00
     1040.00
     1040.00
     1040.00
     1040.00
     1040.00
     1040.00
     1040.00
     1000.00
     1040.00
     1000.00
     8160.00
     3560.00
     3520.00
     3520.00
     3520.00
     3520.00
     3560.00
     3520.00
     3520.00
     8160.00
     1040.00
     1040.00
     1000.00
     1040.00
     1040.00
     1040.00
     1000.00
     1000.00
     1040.00
     1000.00
     8160.00
     3560.00
     3520.00
     3520.00
     3520.00
     3560.00
     3560.00
     3520.00
     3560.00
     3520.00
     1040.00
     1040.00
     1000.00
     1040.00
     1000.00
     1040.00
     1000.00
     1040.00
     1000.00
     1040.00
     8160.00
     3560.00
     3520.00
     3520.00
     3560.00
     3520.00
     3520.00
     3560.00
     3560.00
     3520.00
     1200.00
     1040.00
     1040.00
     1040.00
     1040.00
     1040.00
     1000.00
     1000.00
     1040.00
     1000.00
     8160.00
     3560.00
     3520.00
     3520.00
     3520.00
     3520.00
     3560.00
     3520.00
     3560.00
     3520.00
     8160.00
     1000.00
     1000.00
     1040.00
     1000.00
     1040.00
     1000.00
     1000.00
     1000.00
     1040.00
     8160.00
     3560.00
     3560.00
     3520.00
     3520.00
     3520.00
     3520.00
     3520.00
     3520.00
     3520.00
     3520.00
     1040.00
     1000.00
     1040.00
     1040.00
     1040.00
     1040.00
     1000.00
     1000.00
     1000.00
     8160.00
     3560.00
     3560.00
     3520.00
     3520.00
     3520.00
     3520.00
     3560.00
     3560.00
     3520.00
     3560.00
     3040.00
     1040.00
     1040.00
     1040.00
     1000.00
     1040.00
     1000.00
     1000.00
     1000.00
     8160.00
     3560.00
     3520.00
     3520.00
     3520.00
     3520.00
     3520.00
     3520.00
     3560.00
     3520.00
     3520.00
     3560.00
     1040.00
     1040.00
     1040.00
     1040.00
     1040.00
     1000.00
     1040.00
     1000.00
      -40.00
     3560.00
     3520.00
     3520.00
     3520.00
     3560.00
     3560.00
     3560.00
     3520.00
     3520.00
     3560.00
     3520.00
     1360.00
     1000.00
     1040.00
     1040.00
     1040.00
     1000.00
     1040.00
     1040.00
     1040.00
     3560.00
     3560.00
     3520.00
     3520.00
     3520.00
     3520.00
     3520.00
     3520.00
     3520.00
     3520.00
     3520.00
     3520.00
     1040.00
     1000.00
     1000.00
     1000.00
     1000.00
     1040.00
     1040.00
     1000.00
     3520.00
     3560.00
     3520.00
     3520.00
     3560.00
     3560.00
     3520.00
     3520.00
     3520.00
     3560.00
     3560.00
     3520.00
     1080.00
     1000.00
     1040.00
     1040.00
     1040.00
     1000.00
     1040.00
     1040.00
     3560.00
     3520.00
     3520.00
     3560.00
     3560.00
     3520.00
     3520.00
     3560.00
     3520.00
     3560.00
     3520.00
     3520.00
     5840.00
     1040.00
     1000.00
     1000.00
     1040.00
     1040.00
     1040.00
     1000.00
     3560.00
     3560.00
     3520.00
     3520.00
     3520.00
     3520.00
     3520.00
     3520.00
     3520.00
     3520.00
     3520.00
     3560.00
     3560.00
     1040.00
     1040.00
     1040.00
     1040.00
     1040.00
     1040.00
     1040.00
     3560.00
     3520.00
     3520.00
     3520.00
     3520.00
     3520.00
     3520.00
     3520.00
     3560.00
     3520.00
     3520.00
     3560.00
     3520.00
     7840.00
     1000.00
     1000.00
     1040.00
     1040.00
     1040.00
     1000.00
     3560.00
     3560.00
     3520.00
     3520.00
     3520.00
     3520.00
     3560.00
     3520.00
     3520.00
     3520.00
     3520.00
     3520.00
     3520.00
     3560.00
     1040.00
     1040.00
     1000.00
     1000.00
     1000.00
     1040.00
     3560.00
     3520.00
     3520.00
     3560.00
     3520.00
     3520.00
     3520.00
     3520.00
     3520.00
     3520.00
     3520.00
     3560.00
     3560.00
     3520.00
     2040.00
     1000.00
     1000.00
     1040.00
     1040.00
     1000.00
     3560.00
     3520.00
     3560.00
     3520.00
     3560.00
     3520.00
     3520.00
     3520.00
     3520.00
     3520.00
     3520.00
     3520.00
     3520.00
     3520.00
     3560.00
     1040.00
     1000.00
     1040.00
     1040.00
     1000.00
     3560.00
     3520.00
     3520.00
     3520.00
     3560.00
     3520.00
     3520.00
     3520.00
     3520.00
     3520.00
     3520.00
     3520.00
     3520.00
     3520.00
     3520.00
     1200.00
     1040.00
     1040.00
     1040.00
     1040.00
     3560.00
     3560.00
     3520.00
     3520.00
     3520.00
     3520.00
     3520.00
     3520.00
     3520.00
     3520.00
     3520.00
     3560.00
     3560.00
     3560.00
     3520.00
     8160.00
     1040.00
     1000.00
     1000.00
     1000.00
     3560.00
     3560.00
     3520.00
     3520.00
     3520.00
     3520.00
     3520.00
     3520.00
     3520.00
     3560.00
     3520.00
     3560.00
     3520.00
     3520.00
     3520.00
     3520.00
     1040.00
     1000.00
     1000.00
     1040.00
     3560.00
     3560.00
     3560.00
     3560.00
     3520.00
     3520.00
     3520.00
     3520.00
     3520.00
     3520.00
     3560.00
     3560.00
     3520.00
     3520.00
     3520.00
     3520.00
     3440.00
     1000.00
     1040.00
     1040.00
     3560.00
     3560.00
     3520.00
     3520.00
     3520.00
     3520.00
     3520.00
     3520.00
     3520.00
     3560.00
     3560.00
     3520.00
     3520.00
     3520.00
     3520.00
     3560.00
     3520.00
     1040.00
     1040.00
     1040.00
     3520.00
     3560.00
     3520.00
     3520.00
     3520.00
     3520.00
     3520.00
     3520.00
     3520.00
     3520.00
     3560.00
     3520.00
     3520.00
     3560.00
     3520.00
     3520.00
     3520.00
     1400.00
     1000.00
     1000.00
     3520.00
     3560.00
     3520.00
     3560.00
     3520.00
     3520.00
     3560.00
     3520.00
     3520.00
     3560.00
     3520.00
     3560.00
     3520.00
     3520.00
     3520.00
     3520.00
     3520.00
     3560.00
     1000.00
     1040.00
     3560.00
     3560.00
     3520.00
     3520.00
     3560.00
     3520.00
     3520.00
     3520.00
     3520.00
     3520.00
     3520.00
     3520.00
     3560.00
     3520.00
     3560.00
     3560.00
     3560.00
     3560.00
     1080.00
     1040.00
     3560.00
     3560.00
     3520.00
     3520.00
     3520.00
     3520.00
     3520.00
     3520.00
     3520.00
     3560.00
     3520.00
     3520.00
     3520.00
     3520.00
     3520.00
     3560.00
     3520.00
     3520.00
     1640.00
     1040.00
     3560.00
     3560.00
     3520.00
     3520.00
     3520.00
     3560.00
     3560.00
     3560.00
     3560.00
     3520.00
     3520.00
     3520.00
     3520.00
     3520.00
     3520.00
     3520.00
     3520.00
     3560.00
     3520.00
     1040.00
     3560.00
     3520.00
     3520.00
     3520.00
     3560.00
     3560.00
     3520.00
     3560.00
     3520.00
     3560.00
     3520.00
     3520.00
     3520.00
     3520.00
     3520.00
     3520.00
     3520.00
     3560.00
     3520.00
     1120.00
     3560.00
     3560.00
     3520.00
     3520.00
     3520.00
     3520.00
     3520.00
     3560.00
     3520.00
     3560.00
     3560.00
     3520.00
     3520.00
     3520.00
     3520.00
     3520.00
     3520.00
     3520.00
     3560.00
     3520.00
     3520.00
     3520.00
     3520.00
     3560.00
     3560.00
     3560.00
     3520.00
     3520.00
     3520.00
     3520.00
     3520.00
     3520.00
     3520.00
     3560.00
     3520.00
     3560.00
     3480.00
     3560.00
     3520.00
     3520.00
     3520.00
     3520.00
     3520.00
     3520.00
     3560.00
     3560.00
     3560.00
     3520.00
     3520.00
     3520.00
     3560.00
     3520.00
     3520.00
     3560.00
     3560.00
     3560.00
     3520.00
     3520.00
     3520.00
     3520.00
     3560.00
     3520.00
     3560.00
     3520.00
     3520.00
     3560.00
     3560.00
     3520.00
     3520.00
     3520.00
     3520.00
     3560.00
     3520.00
     3520.00
     3560.00
     3520.00
     3520.00
     3520.00
     3520.00
     3520.00
     3520.00
     3520.00
     3560.00
     3520.00
     3520.00
     3520.00
     3560.00
     3520.00
     3520.00
     3520.00
     3520.00
     3520.00
     3520.00
     3520.00
     3520.00
     3520.00
     3560.00
     3520.00
     3520.00
     3520.00
     3520.00
     3520.00
     3520.00
     3520.00
     3520.00
     3560.00
     3520.00
     3520.00
     3520.00
     3560.00
     3520.00
     3520.00
     3520.00
     3520.00
     3520.00
     3520.00
     3520.00
     3520.00
     3520.00
     3520.00
     3520.00
     3520.00
     3520.00
     3520.00
     3520.00
     3520.00
     3520.00
     3520.00
     3560.00
